0.877333333	-0.643654998
0.876666667	-0.64348121
0.876	-0.642753578
0.875333333	-0.641472665
0.874666667	-0.639639384
0.874	-0.637254999
0.873333333	-0.634321121
0.872666667	-0.630839707
0.872	-0.626813063
0.871333333	-0.622243833
0.870666667	-0.617135006
0.87	-0.611489908
0.869333333	-0.6053122
0.868666667	-0.598605876
0.868	-0.591375262
0.867333333	-0.583625009
0.866666667	-0.575360092
0.866	-0.566585804
0.865333333	-0.557307756
0.864666667	-0.547531869
0.864	-0.537264373
0.863333333	-0.526511799
0.862666667	-0.515280979
0.862	-0.503579037
0.861333333	-0.491413385
0.860666667	-0.47879172
0.86	-0.465722016
0.859333333	-0.45221252
0.858666667	-0.438271747
0.858	-0.423908473
0.857333333	-0.409131726
0.856666667	-0.393950789
0.856	-0.378375181
0.855333333	-0.362414664
0.854666667	-0.346079224
0.854	-0.329379074
0.853333333	-0.312324641
0.852666667	-0.294926563
0.852	-0.277195679
0.851333333	-0.259143023
0.850666667	-0.240779817
0.85	-0.222117464
0.710666667	-0.212966063
0.71	-0.212698977
0.709333333	-0.21198311
0.708666667	-0.210819158
0.708	-0.209208099
0.707333333	-0.207151198
0.706666667	-0.204649999
0.706	-0.201706328
0.705333333	-0.198322289
0.704666667	-0.194500262
0.704	-0.190242905
0.703333333	-0.185553144
0.702666667	-0.180434179
0.702	-0.174889476
0.701333333	-0.168922767
0.700666667	-0.162538045
0.7	-0.155739561
0.699333333	-0.148531826
0.698666667	-0.140919599
0.698	-0.13290789
0.697333333	-0.124501955
0.696666667	-0.115707291
0.696	-0.106529631
0.695333333	-0.096974944
0.694666667	-0.087049426
0.694	-0.076759499
0.693333333	-0.066111806
0.692666667	-0.055113204
0.692	-0.043770761
0.691333333	-0.032091753
0.690666667	-0.020083655
0.69	-0.007754137
0.689333333	0.004888937
0.688666667	0.017837522
0.688	0.031083391
0.687333333	0.044618143
0.686666667	0.05843321
0.686	0.072519859
0.685333333	0.086869204
0.684666667	0.101472204
0.684	0.116319677
0.683333333	0.1314023
0.682666667	0.14671062
0.544	0.162167317
0.543333333	0.1625277
0.542666667	0.163231802
0.542	0.164278794
0.541333333	0.16566763
0.540666667	0.167397047
0.54	0.169465567
0.539333333	0.171871496
0.538666667	0.17461293
0.538	0.177687753
0.537333333	0.181093642
0.536666667	0.184828064
0.536	0.188888286
0.535333333	0.193271368
0.534666667	0.197974173
0.534	0.202993365
0.533333333	0.208325414
0.532666667	0.213966597
0.532	0.219913003
0.531333333	0.226160533
0.530666667	0.232704907
0.53	0.239541662
0.529333333	0.246666162
0.528666667	0.254073594
0.528	0.261758978
0.527333333	0.269717166
0.526666667	0.277942848
0.526	0.286430557
0.525333333	0.295174669
0.524666667	0.304169411
0.524	0.313408862
0.523333333	0.322886959
0.522666667	0.332597501
0.522	0.342534153
0.521333333	0.352690451
0.520666667	0.363059805
0.52	0.373635505
0.519333333	0.384410726
0.518666667	0.39537853
0.518	0.406531875
0.517333333	0.417863615
0.516666667	0.429366509
0.516	0.441033223
0.515333333	0.452856336
0.514666667	0.464828346
0.514	0.476941675
0.378	0.481530925
0.377333333	0.48174514
0.376666667	0.482198821
0.376	0.482891158
0.375333333	0.48382119
0.374666667	0.484987804
0.374	0.486389737
0.373333333	0.488025577
0.372666667	0.489893764
0.372	0.491992593
0.371333333	0.494320213
0.370666667	0.496874632
0.37	0.499653717
0.369333333	0.502655195
0.368666667	0.505876657
0.368	0.509315557
0.367333333	0.512969218
0.366666667	0.516834833
0.366	0.520909464
0.365333333	0.525190049
0.364666667	0.529673401
0.364	0.534356213
0.363333333	0.53923506
0.362666667	0.544306399
0.362	0.549566576
0.361333333	0.555011826
0.360666667	0.560638275
0.36	0.566441947
0.359333333	0.572418763
0.358666667	0.578564544
0.358	0.58487502
0.357333333	0.591345823
0.356666667	0.597972499
0.356	0.604750509
0.355333333	0.611675228
0.354666667	0.618741955
0.354	0.625945911
0.353333333	0.633282245
0.352666667	0.640746037
0.352	0.648332302
0.351333333	0.656035991
0.350666667	0.663851998
0.35	0.671775162
0.349333333	0.679800269
0.348666667	0.68792206
0.348	0.696135229
0.347333333	0.70443443
0.346666667	0.712814282
0.346	0.721269368
0.345333333	0.729794244
0.344666667	0.738383439
0.212666667	0.744937678
0.212	0.745078178
0.211333333	0.745355032
0.210666667	0.745767409
0.21	0.746314387
0.209333333	0.746994959
0.208666667	0.747808031
0.208	0.748752423
0.207333333	0.749826872
0.206666667	0.751030032
0.206	0.752360477
0.205333333	0.7538167
0.204666667	0.755397117
0.204	0.757100067
0.203333333	0.758923815
0.202666667	0.760866549
0.202	0.76292639
0.201333333	0.765101386
0.200666667	0.767389517
0.2	0.769788697
0.199333333	0.772296775
0.198666667	0.774911539
0.198	0.777630713
0.197333333	0.780451964
0.196666667	0.783372902
0.196	0.786391081
0.195333333	0.789504003
0.194666667	0.792709118
0.194	0.796003829
0.193333333	0.79938549
0.192666667	0.802851412
0.192	0.806398864
0.191333333	0.810025073
0.190666667	0.813727228
0.19	0.817502484
0.189333333	0.821347961
0.188666667	0.825260747
0.188	0.829237903
0.187333333	0.833276461
0.186666667	0.837373429
0.186	0.841525793
0.185333333	0.845730517
0.184666667	0.849984551
0.184	0.854284825
0.183333333	0.858628259
0.182666667	0.863011761
0.182	0.867432229
0.181333333	0.871886556
0.180666667	0.876371631
0.18	0.880884339
0.179333333	0.885421567
0.178666667	0.889980205
0.178	0.894557147
0.177333333	0.899149292
0.176666667	0.903753551
0.176	0.908366846
0.175333333	0.912986109
0.174666667	0.917608293
0.174	0.922230363
0.173333333	0.926849309
0.172666667	0.931462138
0.172	0.936065883
0.171333333	0.940657605
0.170666667	0.945234388
0.054666667	0.948779635
0.054	0.948816563
0.053333333	0.948898113
0.052666667	0.949023521
0.052	0.949191985
0.051333333	0.94940267
0.050666667	0.949654702
0.05	0.949947174
0.049333333	0.950279147
0.048666667	0.950649649
0.048	0.951057677
0.047333333	0.951502198
0.046666667	0.951982151
0.046	0.952496447
0.045333333	0.953043971
0.044666667	0.953623584
0.044	0.954234121
0.043333333	0.954874397
0.042666667	0.955543205
0.042	0.956239316
0.041333333	0.956961486
0.040666667	0.95770845
0.04	0.958478931
0.039333333	0.959271634
0.038666667	0.960085252
0.038	0.960918466
0.037333333	0.961769947
0.036666667	0.962638356
0.036	0.963522348
0.035333333	0.964420568
0.034666667	0.965331659
0.034	0.966254259
0.033333333	0.967187005
0.032666667	0.968128531
0.032	0.969077474
0.031333333	0.97003247
0.030666667	0.97099216
0.03	0.971955188
0.029333333	0.972920207
0.028666667	0.973885874
0.028	0.974850855
0.027333333	0.975813827
0.026666667	0.976773478
0.026	0.977728507
0.025333333	0.978677628
0.024666667	0.97961957
0.024	0.980553078
0.023333333	0.981476913
0.022666667	0.982389858
0.022	0.983290711
0.021333333	0.984178296
0.020666667	0.985051456
0.02	0.985909058
0.019333333	0.986749993
0.018666667	0.987573178
0.018	0.988377556
0.017333333	0.989162097
0.016666667	0.989925801
0.016	0.990667697
0.015333333	0.991386842
0.014666667	0.992082328
0.014	0.992753275
0.013333333	0.99339884
0.012666667	0.994018211
0.012	0.994610611
0.011333333	0.995175299
0.010666667	0.99571157
0.01	0.996218755
0.009333333	0.996696222
0.008666667	0.997143378
0.008	0.997559667
0.007333333	0.997944575
0.006666667	0.998297623
0.006	0.998618375
0.005333333	0.998906436
0.004666667	0.999161448
0.004	0.999383098
0.003333333	0.999571111
0.002666667	0.999725258
0.002	0.999845346
0.001333333	0.99993123
0.000666667	0.999982802
0	1
0.000333333	0.9999957
0.001	0.99996131
0.001666667	0.999892571
0.002333333	0.999789569
0.003	0.999652431
0.003666667	0.999481325
0.004333333	0.999276461
0.005	0.999038093
0.005666667	0.998766515
0.006333333	0.998462062
0.007	0.99812511
0.007666667	0.997756075
0.008333333	0.997355414
0.009	0.996923624
0.009666667	0.996461241
0.010333333	0.995968838
0.011	0.995447029
0.011666667	0.994896464
0.012333333	0.994317829
0.013	0.993711849
0.013666667	0.993079282
0.014333333	0.992420922
0.015	0.991737598
0.015666667	0.991030171
0.016333333	0.990299535
0.017	0.989546615
0.017666667	0.988772369
0.018333333	0.987977782
0.019	0.987163871
0.019666667	0.986331677
0.020333333	0.985482272
0.021	0.984616751
0.021666667	0.983736235
0.022333333	0.98284187
0.023	0.981934822
0.023666667	0.981016281
0.024333333	0.980087456
0.025	0.979149575
0.025666667	0.978203886
0.026333333	0.977251651
0.027	0.976294149
0.027666667	0.975332674
0.028333333	0.974368533
0.029	0.973403043
0.029666667	0.972437533
0.030333333	0.971473341
0.031	0.970511813
0.031666667	0.9695543
0.032333333	0.968602161
0.033	0.967656756
0.033666667	0.966719449
0.034333333	0.965791606
0.035	0.964874589
0.035666667	0.963969764
0.036333333	0.963078489
0.037	0.96220212
0.037666667	0.961342007
0.038333333	0.960499492
0.039	0.95967591
0.039666667	0.958872586
0.040333333	0.958090832
0.041	0.957331948
0.041666667	0.956597222
0.042333333	0.955887925
0.043	0.955205311
0.043666667	0.954550617
0.044333333	0.953925061
0.045	0.953329838
0.045666667	0.952766126
0.046333333	0.952235075
0.047	0.951737813
0.047666667	0.951275441
0.048333333	0.950849036
0.049	0.950459644
0.049666667	0.950108283
0.050333333	0.949795941
0.051	0.949523573
0.051666667	0.949292104
0.052333333	0.949102422
0.053	0.948955384
0.053666667	0.948851807
0.054333333	0.948792475
0.055	0.948778133
0.170333333	0.947516276
0.171	0.942948045
0.171666667	0.93836343
0.172333333	0.93376533
0.173	0.929156674
0.173666667	0.924540414
0.174333333	0.919919531
0.175	0.915297026
0.175666667	0.910675922
0.176333333	0.906059261
0.177	0.9014501
0.177666667	0.896851512
0.178333333	0.892266582
0.179	0.887698404
0.179666667	0.883150082
0.180333333	0.878624725
0.181	0.874125444
0.181666667	0.869655355
0.182333333	0.865217568
0.183	0.860815195
0.183666667	0.85645134
0.184333333	0.8521291
0.185	0.847851562
0.185666667	0.8436218
0.186333333	0.839442876
0.187	0.835317832
0.187666667	0.831249694
0.188333333	0.827241464
0.189	0.823296124
0.189666667	0.819416626
0.190333333	0.815605898
0.191	0.811866834
0.191666667	0.808202298
0.192333333	0.804615119
0.193	0.801108088
0.193666667	0.797683958
0.194333333	0.794345438
0.195	0.791095197
0.195666667	0.787935857
0.196333333	0.784869991
0.197	0.781900124
0.197666667	0.779028727
0.198333333	0.776258219
0.199	0.773590962
0.199666667	0.771029261
0.200333333	0.768575358
0.201	0.766231438
0.201666667	0.763999618
0.202333333	0.761881952
0.203	0.759880424
0.203666667	0.757996953
0.204333333	0.756233382
0.205	0.754591486
0.205666667	0.753072963
0.206333333	0.751679436
0.207	0.75041245
0.207666667	0.749273472
0.208333333	0.748263889
0.209	0.747385004
0.209666667	0.74663804
0.210333333	0.746024134
0.211	0.745544335
0.211666667	0.74519961
0.212333333	0.744990835
0.213	0.744918797
0.344333333	0.74270044
0.345	0.734081145
0.345666667	0.725523424
0.346333333	0.717032761
0.347	0.708614613
0.347666667	0.700274411
0.348333333	0.692017555
0.349	0.68384941
0.349666667	0.6757753
0.350333333	0.66780051
0.351	0.659930276
0.351666667	0.652169786
0.352333333	0.644524174
0.353	0.636998519
0.353666667	0.629597837
0.354333333	0.622327081
0.355	0.615191137
0.355666667	0.608194822
0.356333333	0.601342874
0.357	0.594639958
0.357666667	0.588090656
0.358333333	0.581699466
0.359	0.575470798
0.359666667	0.569408971
0.360333333	0.563518211
0.361	0.557802647
0.361666667	0.552266306
0.362333333	0.546913116
0.363	0.541746894
0.363666667	0.536771351
0.364333333	0.531990086
0.365	0.527406583
0.365666667	0.523024208
0.366333333	0.51884621
0.367	0.514875712
0.367666667	0.511115715
0.368333333	0.507569091
0.369	0.504238584
0.369666667	0.501126805
0.370333333	0.49823623
0.371	0.495569203
0.371666667	0.493127925
0.372333333	0.49091446
0.373	0.48893073
0.373666667	0.487178513
0.374333333	0.485659441
0.375	0.484375
0.375666667	0.483326528
0.376333333	0.482515214
0.377	0.481942095
0.377666667	0.481608055
0.378333333	0.481513827
0.514333333	0.470867822
0.515	0.458824201
0.515666667	0.446925696
0.516333333	0.43517985
0.517	0.423594124
0.517666667	0.412175896
0.518333333	0.400932454
0.519	0.389870993
0.519666667	0.378998607
0.520333333	0.368322286
0.521	0.357848912
0.521666667	0.347585255
0.522333333	0.337537964
0.523	0.327713567
0.523666667	0.318118464
0.524333333	0.308758923
0.525	0.299641078
0.525666667	0.29077092
0.526333333	0.282154297
0.527	0.273796908
0.527666667	0.265704299
0.528333333	0.25788186
0.529	0.250334819
0.529666667	0.243068241
0.530333333	0.236087023
0.531	0.229395889
0.531666667	0.222999391
0.532333333	0.216901899
0.533	0.211107604
0.533666667	0.20562051
0.534333333	0.200444437
0.535	0.195583009
0.535666667	0.191039661
0.536333333	0.186817629
0.537	0.182919952
0.537666667	0.179349468
0.538333333	0.176108808
0.539	0.173200402
0.539666667	0.170626469
0.540333333	0.16838902
0.541	0.166489854
0.541666667	0.164930556
0.542333333	0.163712497
0.543	0.162836833
0.543666667	0.1623045
0.544333333	0.162116219
0.682333333	0.154446427
0.683	0.139028844
0.683666667	0.123832183
0.684333333	0.108865961
0.685	0.094139567
0.685666667	0.079662256
0.686333333	0.065443139
0.687	0.051491179
0.687666667	0.037815189
0.688333333	0.024423817
0.689	0.011325551
0.689666667	-0.001471296
0.690333333	-0.013958586
0.691	-0.026128365
0.691666667	-0.037972865
0.692333333	-0.049484513
0.693	-0.060655931
0.693666667	-0.07147995
0.694333333	-0.081949604
0.695	-0.092058142
0.695666667	-0.101799034
0.696333333	-0.111165968
0.697	-0.120152861
0.697666667	-0.128753863
0.698333333	-0.136963357
0.699	-0.144775966
0.699666667	-0.152186558
0.700333333	-0.159190247
0.701	-0.165782398
0.701666667	-0.171958629
0.702333333	-0.177714818
0.703	-0.183047102
0.703666667	-0.187951881
0.704333333	-0.192425823
0.705	-0.196465864
0.705666667	-0.200069212
0.706333333	-0.203233348
0.707	-0.205956028
0.707666667	-0.208235289
0.708333333	-0.210069444
0.709	-0.21145709
0.709666667	-0.212397105
0.710333333	-0.21288865
0.850333333	-0.231485314
0.851	-0.24999953
0.851666667	-0.268208875
0.852333333	-0.286102036
0.853	-0.303667885
0.853666667	-0.320895483
0.854333333	-0.337774091
0.855	-0.354293176
0.855666667	-0.370442417
0.856333333	-0.386211714
0.857	-0.401591192
0.857666667	-0.416571209
0.858333333	-0.431142364
0.859	-0.445295501
0.859666667	-0.459021716
0.860333333	-0.472312363
0.861	-0.485159062
0.861666667	-0.4975537
0.862333333	-0.509488442
0.863	-0.520955732
0.863666667	-0.531948301
0.864333333	-0.542459171
0.865	-0.55248166
0.865666667	-0.562009387
0.866333333	-0.571036276
0.867	-0.57955656
0.867666667	-0.587564787
0.868333333	-0.595055823
0.869	-0.602024852
0.869666667	-0.608467388
0.870333333	-0.61437927
0.871	-0.61975667
0.871666667	-0.624596092
0.872333333	-0.628894382
0.873	-0.63264872
0.873666667	-0.635856632
0.874333333	-0.638515987
0.875	-0.640625
0.875666667	-0.642182233
0.876333333	-0.643186598
0.877	-0.643637356
