3.998534108	1.34327E-07
3.99777429	3.09698E-07
3.996724684	6.70756E-07
3.99534905	1.35274E-06
3.995165838	1.46145E-06
3.991329653	4.70353E-06
3.98872702	7.95372E-06
3.988141304	8.80234E-06
3.987699142	9.47151E-06
3.985913533	1.24237E-05
3.982700649	1.87448E-05
3.981464024	2.15238E-05
3.980175904	2.46232E-05
3.971061335	5.25306E-05
3.970706727	5.38283E-05
3.967303303	6.70916E-05
3.96273792	8.71855E-05
3.960996205	9.55474E-05
3.957117929	0.00011555
3.95448542	0.000130215
3.95384492	0.000133917
3.951123473	0.000150226
3.949721215	0.000158998
3.944953545	0.000190696
3.942818076	0.000205835
3.936334207	0.00025537
3.935783259	0.000259827
3.935687814	0.000260603
3.933229121	0.000280997
3.923555518	0.000368767
3.922715284	0.000376958
3.921948626	0.000384512
3.921918637	0.000384809
3.918301868	0.000421477
3.91226513	0.000486437
3.911247008	0.000497857
3.911198742	0.000498402
3.910260611	0.000509049
3.908678429	0.000527263
3.906946204	0.000547576
3.906298985	0.000555265
3.902284842	0.000604168
3.901086318	0.000619174
3.899770638	0.000635862
3.893275933	0.000721535
3.891293093	0.000748784
3.891002647	0.000752819
3.889882437	0.000768482
3.889049373	0.000780237
3.888756749	0.000784387
3.887731541	0.000799016
3.886376021	0.000818569
3.884159484	0.000851058
3.882174021	0.000880705
3.868671618	0.001096014
3.867190599	0.001121086
3.862613133	0.001200402
3.862295506	0.001206008
3.861767985	0.001215348
3.858288776	0.001277868
3.847828612	0.00147546
3.847427895	0.001483317
3.838043997	0.001673412
3.832897663	0.001782633
3.832475593	0.001791748
3.827353037	0.001904258
3.826981901	0.001912546
3.822884147	0.002005274
3.822112343	0.00202299
3.820247338	0.00206613
3.818826852	0.002099299
3.81525781	0.002183834
3.81197361	0.002263131
3.811699507	0.002269815
3.80361201	0.00247157
3.802160795	0.002508705
3.801264947	0.002531771
3.799186044	0.002585714
3.798640529	0.002599966
3.797374538	0.002633195
3.796923194	0.002645094
3.796340765	0.002660489
3.795355352	0.002686641
3.792391817	0.002766083
3.790494517	0.002817567
3.78934006	0.002849133
3.784243665	0.00299064
3.779467744	0.003126451
3.77724593	0.00319069
3.774532103	0.003270066
3.773776252	0.003292353
3.769761779	0.003412027
3.769361972	0.003424067
3.768130003	0.003461301
3.766274284	0.00351778
3.758626241	0.003755523
3.758364255	0.003763809
3.75820682	0.003768793
3.757455884	0.003792611
3.755277382	0.003862149
3.745081191	0.00419629
3.744976202	0.004199805
3.738512081	0.004419161
3.735225191	0.004532916
3.730898117	0.004684952
3.730275632	0.004707037
3.723469187	0.004952037
3.722365639	0.004992367
3.718284503	0.005142987
3.717817445	0.005160372
3.715472709	0.005248111
3.715012905	0.005265407
3.710993896	0.005417841
3.709950977	0.005457766
3.707552808	0.005550151
3.706479123	0.005591774
3.703790936	0.005696693
3.702170574	0.005760425
3.698927306	0.005889096
3.698096276	0.005922304
3.696462612	0.005987868
3.693918879	0.006090703
3.69381495	0.006094924
3.688717746	0.006303807
3.680756614	0.006637393
3.671981547	0.007015484
3.671844697	0.007021467
3.671218314	0.007048886
3.670555998	0.007077939
3.669353006	0.007130868
3.666493588	0.007257503
3.664068787	0.007365803
3.662159866	0.007451651
3.661928324	0.007462099
3.657412203	0.00766742
3.656130426	0.007726225
3.651991869	0.0079177
3.651598466	0.007936029
3.651138392	0.007957492
3.650590894	0.007983073
3.64948002	0.00803511
3.648736719	0.008070027
3.647939292	0.008107574
3.646451973	0.008177851
3.64598168	0.008200138
3.645894074	0.008204293
3.645280202	0.008233441
3.644162622	0.008286644
3.642327389	0.008374401
3.640095567	0.008481775
3.637772647	0.008594293
3.633234614	0.008816353
3.628275479	0.009062418
3.626439749	0.009154407
3.625060338	0.00922385
3.624972745	0.009228269
3.622652984	0.009345704
3.621949113	0.00938149
3.619178325	0.009523063
3.614302188	0.009774917
3.612449098	0.009871537
3.608975362	0.010054005
3.603344667	0.010353513
3.600498135	0.010506688
3.595665904	0.010769434
3.591540285	0.010996468
3.585068909	0.01135763
3.580232296	0.011631584
3.578141645	0.011751071
3.577251734	0.011802128
3.577193324	0.011805483
3.575389342	0.011909358
3.56246143	0.012667865
3.556596024	0.013020189
3.549693341	0.013441391
3.549057056	0.013480575
3.547978129	0.013547158
3.547162045	0.013597635
3.546449511	0.013641789
3.544761602	0.013746688
3.542129072	0.013911145
3.537166492	0.014223991
3.535870947	0.014306273
3.534988225	0.01436248
3.534913249	0.014367259
3.533710125	0.01444407
3.530331603	0.014660931
3.526739643	0.014893379
3.523139857	0.015128289
3.517407756	0.015506391
3.515889246	0.015607389
3.513498651	0.0157671
3.511770714	0.01588308
3.510469944	0.015970688
3.501280588	0.016596934
3.494865812	0.017041731
3.49302832	0.017170301
3.489496257	0.017418894
3.482266334	0.017933722
3.479647901	0.018122158
3.477606085	0.01826983
3.476449309	0.018353778
3.474884022	0.018467701
3.47410865	0.018524273
3.467986502	0.018974216
3.467824708	0.018986186
3.465218509	0.019179552
3.464930227	0.019201006
3.461077147	0.019488986
3.457589605	0.019751634
3.451435689	0.020219703
3.450924869	0.020258822
3.447640991	0.020511272
3.447533606	0.020519556
3.447445087	0.020526386
3.443687014	0.020817473
3.443505533	0.020831586
3.435953877	0.021423411
3.433906386	0.021585415
3.432507955	0.021696442
3.428794975	0.021992723
3.428105786	0.022047956
3.427744892	0.022076909
3.424436751	0.022343262
3.422692198	0.022484419
3.422643214	0.02248839
3.420067599	0.022697689
3.419132912	0.022773903
3.412192186	0.023344172
3.411245001	0.023422587
3.406899588	0.023784161
3.405109568	0.023933978
3.402330252	0.024167606
3.402251215	0.024174268
3.400882691	0.024289774
3.400537083	0.024318992
3.398551464	0.024487223
3.397644435	0.024564281
3.397542641	0.024572937
3.392655506	0.024990469
3.390116243	0.025208919
3.389503804	0.025261761
3.385260248	0.025629553
3.383653873	0.025769533
3.38338726	0.025792805
3.380541177	0.026041953
3.380319399	0.026061423
3.378773814	0.026197325
3.378534943	0.026218363
3.376851664	0.026366876
3.373668274	0.026648988
3.370393333	0.026940921
3.369101227	0.027056578
3.366706509	0.027271644
3.365396171	0.027389716
3.36220919	0.02767805
3.353637415	0.028461742
3.351833173	0.028628221
3.34520129	0.029244713
3.341602617	0.029582248
3.339390714	0.029790764
3.339197935	0.029808976
3.327983686	0.030878851
3.327244174	0.030950129
3.316922764	0.031954389
3.315916626	0.032053227
3.314181656	0.032224055
3.311777121	0.032461636
3.306693729	0.032967059
3.306028576	0.033033511
3.304328831	0.033203657
3.302619201	0.033375278
3.297800904	0.033861583
3.297749309	0.033866811
3.292565043	0.034394427
3.290171157	0.034639577
3.288754129	0.034785142
3.285441836	0.035126713
3.282749897	0.035405669
3.282565675	0.035424804
3.281907718	0.035493192
3.281672551	0.035517652
3.281151083	0.035571925
3.280303185	0.03566027
3.276133059	0.03609653
3.273493899	0.036374141
3.27260501	0.036467908
3.270088998	0.036734039
3.269487847	0.036797784
3.268132293	0.036941749
3.267927995	0.036963473
3.266732408	0.037090748
3.265778283	0.037192493
3.264986892	0.037277001
3.264302025	0.037350219
3.262325076	0.03756202
3.257245736	0.038109238
3.255764439	0.03826965
3.25377275	0.038485923
3.25227255	0.038649272
3.2503506	0.038859104
3.248883699	0.039019679
3.248829831	0.039025583
3.247635765	0.039156575
3.247340474	0.039189006
3.2437125	0.039588681
3.241250784	0.039861158
3.2409372	0.039895942
3.239787654	0.040023598
3.238606691	0.040154979
3.236627391	0.04037571
3.235801127	0.040468054
3.23428244	0.04063809
3.225975494	0.041575178
3.223295958	0.041879988
3.220625307	0.042185023
3.219363347	0.04232959
3.212244372	0.04315029
3.211166032	0.043275372
3.2072289	0.043733775
3.206057684	0.043870662
3.20561404	0.043922575
3.203232668	0.04420182
3.200798297	0.044488301
3.200718076	0.04449776
3.200682854	0.044501913
3.198880169	0.04471476
3.197792396	0.04484347
3.195651584	0.045097386
3.192757531	0.045441916
3.192669453	0.045452425
3.192470584	0.045476157
3.19231772	0.045494403
3.190239973	0.04574282
3.189304753	0.045854883
3.185573174	0.046303549
3.180810944	0.046879692
3.17643871	0.047412173
3.174968406	0.047591996
3.166454807	0.048640753
3.163659452	0.048987904
3.162199754	0.049169734
3.161192526	0.049295422
3.159827808	0.049466008
3.159380466	0.049521996
3.155959697	0.049951313
3.154099442	0.050185657
3.152982099	0.050326709
3.152676743	0.050365296
3.152489196	0.050389004
3.152451878	0.050393722
3.15227433	0.050416173
3.14952099	0.050765054
3.147655107	0.051002254
3.147124759	0.051069789
3.140306397	0.051942527
3.139109301	0.052096615
3.136598843	0.052420592
3.134684364	0.05266842
3.133762742	0.052787959
3.133609507	0.05280785
3.130978395	0.053150033
3.130807826	0.053172259
3.128536116	0.053468777
3.126574755	0.053725536
3.126146694	0.053781665
3.126066192	0.053792224
3.124772417	0.053962091
3.124426894	0.054007507
3.123144357	0.054176277
3.123126232	0.054178665
3.122011992	0.054325534
3.120771475	0.054489313
3.116224836	0.055091968
3.115015147	0.055252945
3.11092397	0.055799342
3.106579751	0.056382873
3.104172715	0.056707679
3.102607036	0.05691952
3.10072891	0.057174228
3.098286404	0.057506443
3.093671376	0.058137138
3.091630621	0.058417277
3.091555625	0.058427587
3.089844156	0.058663139
3.089117428	0.058763323
3.089026906	0.058775808
3.087323108	0.059011097
3.087124856	0.059038509
3.085369491	0.059281543
3.078405226	0.060251365
3.072347982	0.061102179
3.069570915	0.061494528
3.068812508	0.061601927
3.066962723	0.061864325
3.065789476	0.062031084
3.062767905	0.062461735
3.058621614	0.063055459
3.058179971	0.063118889
3.057224136	0.063256294
3.055661166	0.063481344
3.05169873	0.064053942
3.043402689	0.065262319
3.043193513	0.065292954
3.042937014	0.065330531
3.039959	0.065767721
3.039796186	0.065791671
3.03876095	0.065944073
3.036795935	0.066233909
3.027988928	0.067541899
3.027487142	0.067616865
3.025513184	0.067912237
3.023355083	0.068236009
3.02032624	0.068691911
3.014061207	0.069640474
3.013870275	0.0696695
3.00940627	0.070350115
3.00596137	0.070877959
3.0058453	0.070895783
3.004560343	0.071093282
2.998382214	0.072047294
2.997399049	0.072199789
2.995010753	0.072571006
2.991442308	0.073127706
2.991433369	0.073129104
2.990396021	0.0732914
2.98782091	0.073695184
2.986228151	0.073945575
2.985974298	0.073985527
2.985203149	0.074106971
2.983461152	0.074381732
2.983331843	0.074402151
2.980124749	0.07490962
2.975344527	0.075669721
2.973609046	0.07594678
2.97261946	0.076105024
2.970402595	0.076460216
2.969960704	0.076531132
2.96816006	0.076820498
2.965067992	0.077318877
2.9630591	0.077643673
2.960366322	0.078080281
2.956693876	0.078678027
2.954900001	0.078970972
2.947787817	0.080138651
2.942100488	0.081079587
2.938767863	0.081633928
2.938124	0.08174128
2.936383531	0.082031884
2.935807313	0.082128227
2.93279799	0.082632456
2.929774696	0.083140842
2.928935739	0.08328224
2.928650254	0.083330388
2.925121229	0.083926913
2.923814868	0.084148364
2.923758101	0.084157995
2.922865918	0.084309441
2.922153257	0.084430529
2.921531512	0.084536252
2.91903792	0.084961046
2.917781269	0.085175595
2.917623757	0.085202509
2.917589618	0.085208343
2.915661916	0.08553815
2.902422457	0.087823473
2.899644709	0.088307444
2.898650275	0.088481085
2.896951802	0.088778124
2.889913253	0.090015309
2.886609904	0.090599423
2.881857978	0.091443584
2.881434166	0.091519096
2.877308262	0.092256148
2.877280467	0.092261125
2.876716684	0.092362113
2.865692149	0.094350009
2.864574835	0.094552873
2.862136202	0.094996538
2.856773555	0.095976496
2.856175244	0.096086198
2.854438072	0.096405137
2.85283308	0.096700364
2.850248462	0.09717691
2.850025676	0.097218051
2.8473033	0.097721624
2.845246847	0.09810304
2.844662892	0.098211508
2.843436539	0.098439532
2.841909576	0.098723889
2.839675068	0.099140884
2.839565647	0.09916133
2.83868709	0.099325589
2.836978866	0.099645428
2.833863792	0.10023025
2.833365307	0.100324024
2.833327941	0.100331056
2.831438769	0.100686931
2.831329789	0.100707483
2.83035835	0.100890793
2.829827965	0.10099096
2.824836739	0.101936485
2.823347368	0.102219644
2.817476418	0.103340384
2.81590805	0.103641011
2.815561408	0.103707526
2.814438556	0.103923159
2.813535616	0.104096753
2.808422591	0.105083016
2.806669112	0.105422527
2.804071098	0.10592676
2.802209799	0.106288893
2.800173805	0.106685859
2.79911243	0.106893151
2.797160574	0.107274986
2.795966152	0.107509048
2.794941076	0.107710168
2.793325	0.108027699
2.793034025	0.10808493
2.788936838	0.108892721
2.784424638	0.109786505
2.782234419	0.110221926
2.777379384	0.111190807
2.774986161	0.111670277
2.772658203	0.112137859
2.771353369	0.112400456
2.771293884	0.112412435
2.769382677	0.112797754
2.769303851	0.112813663
2.764157887	0.113855173
2.761443163	0.114406936
2.761385062	0.114418762
2.761218913	0.114452586
2.758275627	0.115052762
2.753900423	0.115948422
2.752968084	0.116139825
2.752684194	0.116198143
2.75172083	0.116396175
2.74705203	0.117358788
2.74679655	0.117411601
2.745579472	0.117663393
2.742443037	0.118313767
2.741084933	0.118596056
2.740988182	0.118616181
2.739151981	0.118998531
2.732786913	0.120329684
2.732249539	0.120442477
2.731637985	0.120570918
2.730702025	0.120767653
2.725805667	0.121800014
2.722920838	0.122410751
2.720113084	0.12300695
2.719998301	0.12303136
2.716664963	0.123741529
2.716158878	0.123849567
2.713285375	0.124464084
2.713035271	0.124517658
2.712597171	0.124611535
2.709865572	0.125197839
2.703958847	0.126471367
2.70184547	0.126928929
2.6977344	0.127821889
2.69741405	0.127891632
2.690372252	0.129430549
2.690234424	0.129460782
2.685812567	0.130433015
2.685395013	0.130525052
2.685195273	0.130569092
2.684706146	0.130676978
2.684473122	0.130728395
2.683775638	0.130882368
2.682398941	0.131186606
2.677388403	0.132297537
2.676776462	0.132433608
2.67470897	0.132893968
2.673675517	0.133124449
2.671673571	0.133571619
2.670655499	0.133799375
2.669167258	0.134132742
2.66373807	0.135353192
2.662769301	0.135571678
2.662056317	0.135732614
2.658681046	0.136496079
2.656657633	0.136955023
2.654435589	0.137460108
2.653752768	0.137615547
2.653689433	0.13762997
2.647976928	0.138934691
2.647945707	0.138941842
2.647803029	0.138974527
2.646282382	0.139323176
2.644666682	0.139694206
2.643732824	0.139908935
2.643262474	0.140017162
2.63940759	0.140906113
2.635891451	0.141719971
2.635753836	0.141751882
2.634336554	0.142080793
2.633908398	0.142180249
2.630463633	0.142981985
2.629661061	0.143169176
2.628084092	0.143537425
2.626552224	0.143895702
2.625122198	0.144230657
2.622261479	0.144902166
2.620255891	0.145374096
2.61802213	0.145900833
2.61356978	0.146954245
2.610848062	0.147600504
2.608037263	0.148269759
2.602310264	0.149639172
2.59939366	0.150339577
2.598625393	0.15052441
2.598087631	0.15065387
2.597178101	0.150872988
2.594802313	0.151446277
2.591439711	0.152259998
2.589859939	0.152643225
2.589135494	0.152819164
2.58413343	0.154037406
2.584015825	0.154066121
2.583478473	0.154197365
2.581608927	0.154654529
2.580163544	0.155008549
2.578509717	0.155414243
2.578108996	0.155512641
2.577670649	0.155620323
2.576564959	0.155892148
2.572595766	0.156870378
2.569990822	0.157514455
2.568841589	0.157799129
2.56668212	0.158334913
2.566503729	0.158379225
2.566136424	0.158470485
2.564027123	0.158995197
2.561363938	0.159659243
2.560655728	0.15983612
2.559022905	0.16024439
2.558489169	0.160377987
2.557512328	0.160622674
2.553269842	0.161688076
2.550185544	0.162465395
2.547860852	0.163052818
2.547573569	0.163125503
2.546938467	0.163286262
2.540606935	0.164894351
2.540284683	0.164976461
2.539561795	0.165160747
2.539513444	0.165173078
2.538068117	0.16554194
2.537998878	0.165559624
2.533860325	0.166618756
2.529373861	0.167771722
2.526744345	0.1684498
2.526383447	0.168543
2.520784397	0.16999308
2.520250788	0.170131686
2.520188209	0.170147946
2.518654334	0.170546794
2.516477799	0.17111376
2.511739972	0.172352024
2.511260572	0.172477633
2.509960634	0.172818522
2.509464334	0.172948782
2.507639382	0.173428294
2.503444445	0.174533708
2.503368983	0.174553633
2.502651275	0.174743216
2.499005904	0.175708152
2.498899514	0.175736364
2.497237467	0.176177471
2.496573857	0.176353789
2.494439121	0.176921734
2.487945875	0.178656375
2.485547394	0.179299833
2.485463281	0.179322425
2.483789505	0.179772367
2.482426433	0.180139314
2.480414007	0.18068194
2.475271985	0.182073135
2.47409078	0.182393674
2.470082742	0.18348399
2.468435242	0.183933363
2.468061178	0.18403549
2.467805828	0.184105227
2.466888897	0.184355781
2.466754375	0.184392558
2.464642712	0.184970476
2.464472131	0.185017211
2.462691496	0.185505507
2.462461977	0.185568507
2.460224861	0.186183279
2.459915674	0.186268347
2.457546148	0.18692111
2.457498577	0.18693423
2.457213719	0.187012805
2.455693893	0.187432389
2.452645574	0.188275759
2.451423772	0.18861447
2.449541045	0.189137167
2.448840494	0.189331895
2.447820751	0.189615576
2.446043509	0.190110633
2.444493881	0.190542962
2.444022868	0.190674494
2.442381912	0.191133189
2.438117266	0.192328584
2.435533695	0.193055091
2.433252862	0.193697927
2.430212849	0.194556862
2.428756459	0.19496922
2.428449451	0.195056217
2.426668694	0.19556132
2.425165224	0.195988426
2.424343463	0.196222125
2.424222797	0.196256455
2.422089589	0.196864017
2.418940279	0.197763183
2.416287671	0.198522579
2.412691342	0.199555139
2.409358742	0.20051506
2.395747082	0.204466656
2.395373388	0.204575846
2.394824819	0.204736201
2.394698479	0.204773143
2.394622738	0.204795292
2.394159255	0.204930864
2.392327701	0.205467171
2.38818578	0.206683335
2.384066545	0.207897448
2.38306064	0.20819463
2.382701432	0.208300821
2.38158331	0.208631588
2.381144174	0.208761588
2.381017117	0.208799212
2.378502848	0.209544624
2.376968028	0.210000503
2.375722519	0.210370923
2.372771035	0.211250398
2.370571083	0.211907484
2.370210642	0.212015267
2.369569144	0.212207184
2.368421297	0.212550867
2.368083911	0.212651954
2.367781193	0.212742681
2.367428081	0.212848543
2.366668361	0.21307642
2.364898782	0.213607819
2.362690728	0.214272098
2.360309902	0.214989859
2.359713977	0.21516976
2.358018598	0.215682107
2.352750144	0.217279314
2.352021829	0.217500718
2.351289567	0.21772347
2.349951878	0.218130774
2.346852137	0.219076505
2.345986071	0.21934122
2.345751045	0.219413091
2.342555258	0.220391904
2.341335502	0.220766245
2.340529094	0.221013958
2.338548488	0.221623132
2.337557018	0.22192849
2.336574463	0.222231374
2.334562368	0.222852469
2.33425823	0.222946449
2.332897163	0.223367344
2.331402078	0.223830282
2.33028378	0.224176961
2.326613461	0.225317257
2.325400553	0.225694917
2.322034826	0.226745069
2.320896698	0.227100905
2.319027989	0.227685951
2.318433949	0.227872137
2.317343605	0.228214137
2.316535572	0.228467803
2.315426485	0.228816282
2.314966272	0.228960985
2.314854116	0.228996259
2.314331769	0.229160588
2.314007823	0.229262539
2.311445028	0.230070147
2.310768163	0.230283757
2.310410346	0.230396733
2.306117765	0.231754898
2.302982801	0.232750119
2.302664035	0.232851471
2.302011577	0.233059012
2.301538869	0.233209453
2.299416201	0.233885786
2.299298024	0.233923478
2.298650211	0.234130166
2.298572163	0.234155076
2.298434349	0.234199065
2.297227882	0.23458439
2.295049011	0.235281344
2.294541716	0.235443808
2.293300561	0.235841607
2.293105529	0.235904157
2.292830728	0.235992308
2.290932088	0.236601951
2.290614018	0.236704183
2.290377113	0.236780347
2.285569198	0.238329566
2.285351673	0.238399815
2.273770467	0.242159781
2.272450921	0.242590662
2.270793927	0.243132454
2.270337921	0.243281696
2.269839311	0.243444951
2.269244564	0.243639779
2.265672433	0.244812119
2.265280855	0.244940858
2.264467408	0.24520844
2.262996581	0.245692758
2.262569933	0.245833365
2.257025054	0.247665615
2.252798282	0.249068399
2.250583263	0.24980563
2.250509001	0.249830371
2.250450129	0.249849987
2.246073361	0.251311166
2.244304308	0.251903376
2.241654319	0.252792231
2.240716386	0.253107333
2.240037818	0.253335463
2.239130874	0.253640586
2.235482299	0.254870559
2.235348816	0.254915633
2.235029881	0.255023351
2.234936012	0.255055061
2.233803318	0.255437898
2.232530654	0.255868503
2.232383612	0.255918286
2.231855044	0.256097293
2.230503385	0.256555431
2.230231788	0.256647553
2.229925177	0.256751579
2.227862515	0.257452124
2.22555241	0.258238227
2.223391642	0.258974967
2.222592438	0.259247822
2.222259542	0.259361533
2.222219635	0.259375166
2.220686467	0.259899315
2.218506413	0.26064584
2.216864885	0.261208904
2.216356885	0.26138332
2.211715931	0.26298036
2.210734982	0.263318761
2.208326764	0.264150772
2.207889632	0.264301985
2.20589866	0.264991443
2.204943271	0.265322716
2.202352049	0.266222604
2.200310568	0.266933023
2.199358991	0.2672646
2.195123905	0.268743688
2.193795006	0.269208936
2.190366119	0.270411904
2.190177558	0.270478163
2.189299859	0.270786723
2.188453244	0.27108458
2.18713928	0.271547299
2.186831267	0.271655845
2.183350363	0.272884577
2.181325932	0.273600912
2.180080439	0.274042256
2.18001239	0.274066383
2.179537787	0.274234696
2.179224135	0.274345969
2.175994181	0.275493618
2.174776321	0.275927184
2.173792859	0.276277641
2.173737805	0.276297269
2.169213326	0.277913536
2.167196331	0.278636125
2.166805399	0.278776324
2.166191053	0.278996743
2.163940696	0.279805149
2.161767429	0.280587372
2.15685499	0.282360983
2.155255295	0.282940188
2.154295141	0.283288221
2.152902824	0.283793421
2.150643195	0.28461463
2.147245486	0.285852497
2.146744798	0.286035219
2.14598568	0.286312406
2.145572275	0.286463435
2.142962787	0.287418014
2.133171885	0.291019015
2.132385002	0.291309756
2.12791585	0.292964814
2.126743647	0.293399979
2.125266378	0.293949027
2.123220679	0.294710504
2.122836109	0.294853804
2.12227125	0.295064372
2.120214294	0.295832034
2.116987933	0.297038884
2.116555007	0.297201081
2.11604189	0.297393401
2.115401355	0.297633597
2.114017187	0.298153107
2.113953052	0.298177194
2.113627591	0.298299444
2.112251984	0.298816533
2.111771604	0.298997252
2.111528817	0.299088618
2.107675191	0.300541384
2.106293969	0.301063267
2.104027738	0.301920896
2.103251318	0.30221511
2.099162795	0.303767664
2.098213743	0.304128838
2.096281874	0.30486495
2.096001847	0.304971753
2.094998857	0.305354506
2.093728426	0.305839794
2.092932316	0.306144169
2.092458519	0.306325414
2.092154856	0.306441616
2.087204808	0.308340133
2.086651514	0.308552845
2.086361973	0.308664199
2.084315017	0.309452225
2.083115697	0.309914579
2.081734218	0.310447751
2.080844493	0.31079147
2.075733135	0.312771209
2.074383462	0.313295423
2.07169418	0.314341761
2.069941215	0.315025104
2.069816721	0.315073674
2.067758411	0.315877451
2.067452012	0.315997223
2.067277568	0.316065427
2.064943846	0.316978855
2.060118688	0.318873265
2.059599242	0.319077674
2.059418462	0.319148835
2.052266779	0.321972854
2.051550797	0.322256534
2.051437109	0.322301594
2.050094097	0.322834233
2.048979285	0.323276834
2.048201169	0.323586011
2.046481864	0.324269895
2.046179951	0.32439009
2.046058999	0.324438251
2.042739003	0.325762175
2.039065899	0.327231309
2.037225952	0.327968975
2.035293205	0.328745099
2.034810015	0.328939333
2.034796631	0.328944714
2.031844784	0.330133063
2.02854516	0.331464982
2.027208288	0.332005692
2.026588595	0.332256543
2.023886426	0.333351933
2.022566397	0.333887961
2.021384265	0.334368506
2.020621788	0.334678717
2.019028637	0.335327537
2.017635326	0.335895697
2.017539605	0.335934754
2.017328265	0.336021
2.017183803	0.336079962
2.015041792	0.336955083
2.014458449	0.337193686
2.012361358	0.338052437
2.011898904	0.338242018
2.009701351	0.339143917
2.009247536	0.339330378
2.006936753	0.340280945
2.00686862	0.340309001
2.006718331	0.340370893
2.00648797	0.340465775
2.004365706	0.341340781
2.000269337	0.3430342
1.998237067	0.343876531
1.995619412	0.344963645
1.99366096	0.345778582
1.99157542	0.346647899
1.989187642	0.347645099
1.986729064	0.34867399
1.985852395	0.349041389
1.985436537	0.349215765
1.977027887	0.352754939
1.974464164	0.353839054
1.973552613	0.35422509
1.972418207	0.354705922
1.969020871	0.356148707
1.968759482	0.356259886
1.967291424	0.356884773
1.967047171	0.356988817
1.965458782	0.357665944
1.964117377	0.358238496
1.959880613	0.360051168
1.956615956	0.361452393
1.956252797	0.361608505
1.95550409	0.361930506
1.95220095	0.363353555
1.951696801	0.363571103
1.947313278	0.36546659
1.943844203	0.36697167
1.943055992	0.367314259
1.942637358	0.367496308
1.940511032	0.36842197
1.939212797	0.368987958
1.937830811	0.369591145
1.937740117	0.369630755
1.936822134	0.370031843
1.934118202	0.371215072
1.933705537	0.371395891
1.933010568	0.371700553
1.932162754	0.372072461
1.931920212	0.372178906
1.931125186	0.372527973
1.929510855	0.373237492
1.929244768	0.373354534
1.927400188	0.374166625
1.925663081	0.374932562
1.921920068	0.376586797
1.920111588	0.377387943
1.919806554	0.377523192
1.917758149	0.378432343
1.916750493	0.378880154
1.914375098	0.379937316
1.913900094	0.38014897
1.912771757	0.380652081
1.912357405	0.380836956
1.911389814	0.381268927
1.906328115	0.383534452
1.904293563	0.384447822
1.902986767	0.385035311
1.901899244	0.385524719
1.899243968	0.386721543
1.898837467	0.386905005
1.897625308	0.38745245
1.897471029	0.387522167
1.897009206	0.387730914
1.895659818	0.388341315
1.895114971	0.388587977
1.893202258	0.389454796
1.892776784	0.389647806
1.891197167	0.390364987
1.891124003	0.390398228
1.890072106	0.390876374
1.88956356	0.391107689
1.889166431	0.391288395
1.888754236	0.391476021
1.888310693	0.391677989
1.887854432	0.391885826
1.886931313	0.392306576
1.88670231	0.392411004
1.884522756	0.393405921
1.881481002	0.394797484
1.88066943	0.395169373
1.879097878	0.395890236
1.877411694	0.396664746
1.87710602	0.396805269
1.875890146	0.397364584
1.874884604	0.397827578
1.871620756	0.399333109
1.870615397	0.399797693
1.869138229	0.40048102
1.866641187	0.401638077
1.866523903	0.401692483
1.866142551	0.401869423
1.865076015	0.402364578
1.862537505	0.403544917
1.859097514	0.405148466
1.856023661	0.406585289
1.855766728	0.406705557
1.854862205	0.407129164
1.854059631	0.407505298
1.851799922	0.408565704
1.848670622	0.410037526
1.8478154	0.410440445
1.845673152	0.411450997
1.843530045	0.412463785
1.84273132	0.412841715
1.841870467	0.413249328
1.841837271	0.413265052
1.840603292	0.413849873
1.839450579	0.41439673
1.839249725	0.414492071
1.838534452	0.414831729
1.837258535	0.415438125
1.832552637	0.417680321
1.829490223	0.419144248
1.828829811	0.419460442
1.827814006	0.419947135
1.825936585	0.420847746
1.825194299	0.421204219
1.825022559	0.421286727
1.824587677	0.421495708
1.824091467	0.421734252
1.823680944	0.421931681
1.8201509	0.42363217
1.819119506	0.42412997
1.818314641	0.424518737
1.817278032	0.425019831
1.816037216	0.425620214
1.813664209	0.426770174
1.812408156	0.427379791
1.811342078	0.427897711
1.809508997	0.428789347
1.807882996	0.429581411
1.805901472	0.43054813
1.804251599	0.431354282
1.80368356	0.431632093
1.803033324	0.431950269
1.800644543	0.433120655
1.79967006	0.433598782
1.798243458	0.434299449
1.798062065	0.4343886
1.797670575	0.434581055
1.797151958	0.434836103
1.79601393	0.43539616
1.793471953	0.436649084
1.791659354	0.437544146
1.790632547	0.438051791
1.7848288	0.4409294
1.784521846	0.441081986
1.783453501	0.441613367
1.781547999	0.442562329
1.779853967	0.443407259
1.779355171	0.443656272
1.777866597	0.444400037
1.776976188	0.444845375
1.774431894	0.44611975
1.77417574	0.446248203
1.769969631	0.448361406
1.764525519	0.451107758
1.76437721	0.451182751
1.764198906	0.451272923
1.759110909	0.453851769
1.758319172	0.454254056
1.753107241	0.456908995
1.752279507	0.457331716
1.751665093	0.457645685
1.750072222	0.458460411
1.749873423	0.458562171
1.749813685	0.458592752
1.745674651	0.460715387
1.745031298	0.461045987
1.744898569	0.461114215
1.741559359	0.462833211
1.741257107	0.462989047
1.741106586	0.463066668
1.740775793	0.463237287
1.740366963	0.463448221
1.7399553	0.463660691
1.739817819	0.463731665
1.739400793	0.463947003
1.738931163	0.464189595
1.737022045	0.465176759
1.736828081	0.465277143
1.735359661	0.466037639
1.733920813	0.466783734
1.732907486	0.467309725
1.732689719	0.467422821
1.732250235	0.467651128
1.731976242	0.467793506
1.731498294	0.468041948
1.731357118	0.468115352
1.730647574	0.468484408
1.726390467	0.470703312
1.726081847	0.470864482
1.725472106	0.47118303
1.723846892	0.472032894
1.722462711	0.472757636
1.721872856	0.473066735
1.721199537	0.47341976
1.715474663	0.476429463
1.713819025	0.477302587
1.712906426	0.477784382
1.711336604	0.478614018
1.710873742	0.478858846
1.709528152	0.479571132
1.709082023	0.479807468
1.708932873	0.4798865
1.708713359	0.480002835
1.70703379	0.480893662
1.706403985	0.48122803
1.704745729	0.482109262
1.704737725	0.482113519
1.703931692	0.482542311
1.703372463	0.48283998
1.696945106	0.486271282
1.69294921	0.488413942
1.69250313	0.488653585
1.692176206	0.488829274
1.690339463	0.489817238
1.6900946	0.489949064
1.688198383	0.49097084
1.687447684	0.491375808
1.687058012	0.491586119
1.686606951	0.491829649
1.683768072	0.493364508
1.683208376	0.493667547
1.682472947	0.494065951
1.679881263	0.495471923
1.679426153	0.495719135
1.679272228	0.495802767
1.675359194	0.497932507
1.674906945	0.498179106
1.674807378	0.49823341
1.673199452	0.499111008
1.672113914	0.499704164
1.671182283	0.500213657
1.670863892	0.500387872
1.670505362	0.500584106
1.667839324	0.502045175
1.662925421	0.504746795
1.661935361	0.505292482
1.660798872	0.505919441
1.659162953	0.506822975
1.655865252	0.508648137
1.652975778	0.510251553
1.652757162	0.510373027
1.650614325	0.51156488
1.649987107	0.51191415
1.646927929	0.513620334
1.645907208	0.514190602
1.645790104	0.514256058
1.645538531	0.514396699
1.644285427	0.515097691
1.644009777	0.515251991
1.643180109	0.515716628
1.635724308	0.519906785
1.635601209	0.519976189
1.629799672	0.523255366
1.629493336	0.523428964
1.626617868	0.525060666
1.623917388	0.526596699
1.623796002	0.526665826
1.623133874	0.527043021
1.620743291	0.528406631
1.618730375	0.529556965
1.61578479	0.531243843
1.615725194	0.531278016
1.61533571	0.531501393
1.612484362	0.533138952
1.6120723	0.533375932
1.611896822	0.533476875
1.611327342	0.533804573
1.610971209	0.534009584
1.610829963	0.534090911
1.609900643	0.534626238
1.609531216	0.534839161
1.608873906	0.535218173
1.605320171	0.537270967
1.604823951	0.537558099
1.604222118	0.537906505
1.603064529	0.538577145
1.602342602	0.538995721
1.601267921	0.539619303
1.598139228	0.541437966
1.598023375	0.541505403
1.597120027	0.542031459
1.596906572	0.542155822
1.596835099	0.542197468
1.593047711	0.544407956
1.59291431	0.544485945
1.592360895	0.544809576
1.590450432	0.545927966
1.590300526	0.546015798
1.589401423	0.546542832
1.589001166	0.546777583
1.58646868	0.548264746
1.585870459	0.54861651
1.583730302	0.549876427
1.583704474	0.549891646
1.581544136	0.551165803
1.581398586	0.551251731
1.581065182	0.551448605
1.579146051	0.552582929
1.578688383	0.552853713
1.57809237	0.553206509
1.578051471	0.553230724
1.577697796	0.553440166
1.569224693	0.558476736
1.568761086	0.558753364
1.565919276	0.560451424
1.565731917	0.560563521
1.564618746	0.561229901
1.563376204	0.561974474
1.559076951	0.564556832
1.558693655	0.564787521
1.558537151	0.564881735
1.556795898	0.565930806
1.556530354	0.566090928
1.556491459	0.566114385
1.556024161	0.566396261
1.55462871	0.567238675
1.553564462	0.567881822
1.551580272	0.569082469
1.550593002	0.569680633
1.550162394	0.569941686
1.550155538	0.569945843
1.549031424	0.570627786
1.548009086	0.571248556
1.547697965	0.571437578
1.546835826	0.571961635
1.546430639	0.572208064
1.544785846	0.573209282
1.54387308	0.573765507
1.5412588	0.575361016
1.540507038	0.575820481
1.537447241	0.577693633
1.535940947	0.578617561
1.535922331	0.578628987
1.529616102	0.582510116
1.52868062	0.583087641
1.527778254	0.583645158
1.527590351	0.583761307
1.52685489	0.584216097
1.525469966	0.585073276
1.524263142	0.585821052
1.522773678	0.586745027
1.522558302	0.58687873
1.522354242	0.587005432
1.522152164	0.587130926
1.521867179	0.587307942
1.520189237	0.588351061
1.517240802	0.590187643
1.516578881	0.590600593
1.513751024	0.59236744
1.511257665	0.593928854
1.51093968	0.594128225
1.510853779	0.594182094
1.51069505	0.594281642
1.509653468	0.594935217
1.509571344	0.594986773
1.50838313	0.595733124
1.507173125	0.596493946
1.506842505	0.596701969
1.506590161	0.596860782
1.502252276	0.599596219
1.500938001	0.600427006
1.500858111	0.600477536
1.500189125	0.600900809
1.497754372	0.602443355
1.497696639	0.602479971
1.497034541	0.602900025
1.495263	0.60402512
1.493834183	0.604933803
1.493296859	0.605275813
1.49324597	0.605308213
1.493048634	0.605433864
1.492328237	0.605892748
1.490657502	0.606958081
1.488840108	0.608118673
1.48548908	0.610263415
1.484701982	0.610768077
1.482718217	0.612041522
1.4774404	0.615440153
1.475032831	0.616995646
1.470729302	0.619784154
1.465822603	0.622976162
1.463724551	0.624345168
1.461766126	0.625625308
1.459405254	0.627171396
1.458663735	0.627657653
1.454676789	0.630277487
1.451103708	0.632633066
1.446231465	0.635856902
1.441508574	0.638994942
1.439585706	0.640276245
1.439408667	0.640394323
1.438628549	0.640914845
1.436916989	0.642058094
1.433658091	0.644239602
1.433438308	0.644386948
1.432140186	0.6452578
1.431499907	0.645687697
1.430041596	0.646667731
1.429996858	0.646697815
1.429558736	0.646992503
1.429534687	0.647008681
1.429316295	0.64715562
1.428808221	0.647497571
1.428129235	0.647954786
1.426859431	0.648810572
1.425568885	0.649681307
1.425073101	0.650016074
1.42481757	0.650188671
1.423782629	0.650888113
1.42155363	0.652396673
1.42131877	0.652555794
1.420474782	0.653127877
1.418319216	0.654590902
1.417241748	0.655323231
1.415541213	0.656480444
1.414557309	0.657150774
1.413138793	0.658118216
1.410508216	0.659915468
1.407639848	0.661879891
1.403244249	0.664899814
1.40295327	0.665100136
1.401511984	0.666093128
1.399729403	0.667322991
1.398358198	0.668270337
1.39813023	0.668427947
1.397991319	0.668524002
1.392742292	0.672162172
1.39195167	0.672711612
1.391864362	0.67277231
1.391315149	0.673154238
1.389514165	0.674407948
1.38752889	0.675792242
1.386689036	0.676378582
1.382662142	0.679195944
1.3807787	0.68051709
1.380239176	0.680895944
1.378609015	0.682041733
1.376218419	0.683724977
1.374872344	0.68467432
1.374744795	0.684764334
1.373529952	0.685622185
1.371554381	0.687019175
1.370140377	0.688020554
1.36884143	0.688941551
1.368114864	0.689457169
1.362837796	0.693212036
1.360402877	0.694950484
1.360155795	0.6951271
1.359007451	0.695948454
1.357758462	0.696842738
1.357747364	0.696850688
1.357649958	0.696920474
1.355276971	0.698622427
1.353409471	0.699964345
1.352822033	0.700386915
1.34852222	0.703486642
1.347887248	0.703945391
1.346101421	0.705236983
1.34573872	0.705499554
1.345253541	0.705850922
1.34257832	0.707791041
1.342531158	0.707825285
1.340102828	0.709590411
1.338528354	0.710736909
1.336964628	0.711877164
1.336533233	0.712192012
1.335884975	0.712665361
1.334989086	0.713319974
1.334593088	0.713609491
1.334543297	0.7136459
1.331722622	0.715711146
1.331333815	0.715996229
1.330872247	0.716334789
1.32912312	0.717619036
1.325989344	0.719924917
1.32576493	0.720090291
1.324701587	0.720874332
1.323197602	0.721984541
1.322466157	0.722525015
1.321190865	0.723468185
1.319787406	0.724507382
1.317268441	0.72637582
1.31681792	0.726710436
1.316690964	0.726804754
1.312806222	0.729695973
1.312531854	0.72990055
1.311906144	0.730367287
1.310318706	0.731552574
1.309314187	0.732303482
1.308355631	0.73302066
1.307847361	0.733401189
1.307741955	0.733480126
1.30546455	0.735187447
1.303331562	0.736789655
1.302989561	0.737046835
1.300317078	0.73905922
1.299602949	0.739597775
1.298877827	0.740144973
1.298290247	0.740588639
1.298010087	0.740800262
1.297949083	0.740846349
1.29555532	0.74265678
1.29469691	0.743306951
1.294196155	0.74368646
1.291456767	0.745765591
1.289077171	0.747575796
1.287452869	0.748813656
1.28576324	0.750103218
1.285396409	0.750383449
1.28207403	0.752925712
1.281951983	0.753019247
1.278883316	0.755374384
1.278702787	0.755513139
1.277665272	0.756311011
1.274852984	0.758477475
1.271775669	0.760854399
1.269405991	0.762689242
1.265989938	0.765341206
1.265948501	0.765373425
1.260780175	0.769401456
1.259765069	0.77019481
1.258621052	0.771089789
1.257709594	0.771803498
1.255690682	0.773386485
1.255016659	0.773915618
1.250174366	0.777726507
1.247161827	0.780105835
1.24686296	0.780342238
1.240838322	0.785121416
1.238326938	0.78712137
1.236778472	0.788356779
1.236676015	0.788438585
1.234957618	0.789811739
1.234933739	0.789830835
1.23135989	0.792693622
1.231343857	0.792706486
1.230782302	0.793157167
1.230210702	0.793616149
1.228345205	0.795115764
1.226382777	0.796696058
1.226315656	0.796750159
1.225398574	0.797489679
1.221898341	0.800317916
1.220715509	0.801275709
1.220489764	0.801458623
1.219168207	0.802530197
1.218596086	0.802994499
1.21844679	0.8031157
1.218412381	0.803143635
1.213297258	0.807306322
1.210160583	0.809868624
1.210023989	0.809980373
1.208772914	0.811004546
1.208675712	0.811084167
1.208544014	0.811192058
1.206494795	0.812872517
1.2016854	0.816828915
1.201180116	0.817245598
1.200878499	0.81749442
1.200392103	0.817895823
1.199472007	0.818655632
1.199294097	0.818802624
1.198961745	0.819077281
1.198662961	0.81932427
1.197629938	0.820178738
1.196068349	0.821471958
1.195987493	0.821538969
1.19588299	0.821625586
1.195553107	0.821899061
1.189287155	0.827109433
1.187446716	0.828645567
1.185917195	0.829924183
1.185264963	0.830469973
1.185063526	0.830638602
1.183739732	0.831747578
1.183268227	0.832142898
1.180708453	0.834292085
1.180155673	0.834756869
1.176996867	0.837417409
1.176189426	0.838098738
1.175394738	0.838769805
1.175135742	0.838988619
1.175017923	0.839088176
1.174093569	0.839869636
1.17364559	0.840248604
1.17182635	0.841789214
1.171311052	0.842226065
1.170788023	0.842669683
1.170318801	0.843067848
1.169921542	0.843405083
1.169201287	0.844016829
1.168526621	0.844590227
1.167059898	0.845838038
1.166320725	0.846467533
1.166221501	0.846552068
1.163601234	0.848787247
1.16265326	0.849597248
1.158541955	0.853118482
1.15702799	0.854418567
1.156682071	0.854715877
1.152435081	0.858373915
1.151781391	0.858938247
1.149703876	0.860734068
1.147837966	0.862349959
1.147592087	0.862563103
1.146342554	0.86364704
1.144097636	0.865597645
1.14366072	0.865977758
1.143137305	0.866433331
1.142731422	0.86678676
1.142388022	0.867085887
1.14053682	0.868700082
1.140071294	0.86910645
1.138360123	0.870601698
1.136905968	0.871874258
1.136186788	0.872504271
1.135945437	0.872715794
1.132276317	0.875937389
1.130185773	0.877777941
1.130059792	0.877888973
1.129741115	0.878169895
1.129170167	0.878673411
1.124690079	0.882633825
1.121860691	0.885143677
1.121288337	0.885652211
1.121152809	0.885772668
1.120792237	0.886093217
1.12043027	0.886415117
1.119144329	0.887559607
1.118973565	0.887711692
1.116304752	0.890091787
1.116248517	0.890142003
1.115217738	0.891062934
1.108683257	0.896922092
1.108665139	0.896938388
1.1085557	0.897036829
1.107945032	0.897586317
1.107059415	0.898383775
1.106408435	0.898970383
1.104275372	0.900895072
1.103972934	0.901168282
1.10345405	0.901637205
1.102259499	0.902717622
1.101809072	0.903125332
1.101184537	0.903690928
1.100650575	0.904174767
1.099550758	0.905172124
1.097981645	0.906596871
1.097692841	0.906859337
1.097465051	0.907066405
1.093590571	0.910595336
1.093066866	0.91107334
1.092622939	0.911478715
1.091399978	0.912596363
1.090825326	0.913121984
1.090309945	0.913593636
1.089468575	0.914364122
1.088148347	0.915574375
1.087670398	0.916012889
1.08650876	0.917079523
1.086248108	0.917319021
1.0861997	0.917363507
1.085448753	0.918053878
1.083994039	0.919392663
1.08250091	0.920768752
1.082287473	0.92096562
1.081772734	0.921440567
1.081193614	0.921975199
1.080846432	0.922295853
1.078056899	0.924876144
1.077823953	0.925091931
1.075069974	0.927646727
1.073861817	0.92876965
1.067649114	0.934564815
1.062884472	0.939032929
1.062065997	0.939802547
1.061529508	0.940307343
1.058456361	0.943204027
1.0582296	0.943418109
1.056427997	0.945120668
1.055690315	0.945818658
1.053791023	0.947618064
1.051676798	0.949625023
1.049692121	0.951512777
1.048918603	0.952249512
1.048013902	0.953111897
1.045375844	0.955630925
1.04407186	0.956878476
1.04317123	0.957741059
1.042775125	0.958120672
1.041369203	0.959469247
1.03912217	0.961628488
1.036888834	0.963779291
1.036820702	0.96384498
1.036704799	0.963956736
1.036473594	0.964179707
1.036107568	0.9645328
1.035150596	0.965456562
1.03512935	0.96547708
1.034248455	0.966328191
1.033918009	0.966647654
1.033790653	0.966770805
1.033454943	0.967095504
1.031221096	0.96925882
1.031123723	0.969353226
1.030155439	0.970292507
1.028781093	0.971627227
1.026438507	0.973906445
1.026117453	0.974219225
1.019621129	0.980569499
1.018523113	0.981646869
1.016904169	0.983237512
1.016670617	0.983467191
1.016629334	0.983507795
1.015992781	0.984134091
1.015059533	0.985053016
1.01446024	0.98564356
1.012335343	0.987740272
1.010485675	0.989569014
1.009428455	0.990615785
1.009328597	0.990714712
1.008651397	0.991385865
1.007855179	0.992175552
1.007783905	0.992246272
1.006463452	0.993557369
1.006282947	0.993736729
1.001414986	0.998586014
1.00010968	0.999890326
0.999973425	1.000026575
0.998107673	1.001894119
0.997916276	1.002085897
0.996906907	1.003097884
0.996880171	1.003124703
0.996169989	1.00383736
0.995485971	1.00452424
0.993352753	1.006669414
0.992613839	1.00741354
0.991949877	1.008082656
0.991650477	1.008384527
0.99119794	1.00884097
0.989912166	1.010138974
0.989786092	1.010266338
0.989728846	1.010324175
0.988460554	1.011606413
0.988232135	1.011837516
0.986251148	1.013844023
0.984655152	1.015463492
0.982243513	1.017915549
0.980812091	1.019373784
0.979021732	1.021200651
0.97625733	1.024027923
0.975981562	1.024310397
0.975733664	1.024564391
0.975726033	1.02457221
0.974346181	1.025987168
0.974105714	1.026233955
0.973003833	1.027365567
0.972292285	1.028096986
0.971064169	1.029360641
0.970928172	1.02950067
0.970464649	1.029978082
0.969944536	1.030514047
0.969635111	1.030833037
0.968863918	1.031628506
0.967487676	1.03304962
0.966224979	1.034355238
0.965557656	1.035045921
0.964754783	1.035877523
0.964732132	1.035900994
0.963659006	1.037013606
0.963173755	1.037517112
0.962841171	1.037862351
0.961210404	1.039556867
0.960247224	1.040559024
0.95989183	1.040929049
0.958941984	1.041918657
0.957284575	1.04364775
0.956861485	1.044089608
0.954853121	1.046189675
0.953943764	1.047141974
0.953355874	1.047758098
0.949909785	1.051377169
0.948035576	1.053350837
0.947555478	1.053857024
0.947479776	1.053936862
0.947192667	1.054239717
0.944836723	1.056728241
0.943791215	1.057834519
0.941389206	1.060380664
0.938928016	1.062996095
0.938336325	1.063625858
0.935543629	1.066603455
0.934916834	1.067272933
0.933107901	1.069207486
0.926446048	1.076363352
0.926125683	1.076708724
0.924139051	1.078853
0.921197999	1.082035593
0.920040849	1.083290456
0.919237155	1.084162908
0.91785043	1.085669996
0.917608423	1.085933232
0.917103356	1.086482819
0.913676581	1.090219337
0.912347019	1.091672693
0.910904896	1.093251384
0.910732278	1.093440509
0.909970833	1.094275178
0.906400956	1.098197273
0.906093811	1.09853541
0.905493725	1.099196364
0.903530851	1.101361258
0.903316842	1.101597563
0.902859258	1.102103001
0.901161587	1.103980344
0.900840542	1.104335745
0.90052377	1.104686534
0.899796419	1.105492437
0.899604417	1.105705278
0.899445054	1.105881971
0.898816961	1.106578654
0.896347867	1.109321873
0.89494145	1.110887645
0.89460535	1.111262172
0.894048074	1.111883458
0.893691028	1.112281707
0.893548316	1.112440931
0.892766706	1.113313399
0.891944957	1.114231453
0.891219473	1.115042628
0.890823198	1.115485973
0.888985326	1.117544592
0.888953807	1.117579931
0.888645336	1.117925859
0.886810915	1.119985376
0.885243012	1.121748866
0.883411466	1.123812624
0.881969904	1.125439794
0.881376354	1.126110496
0.878591482	1.129263047
0.877878273	1.130071932
0.876114499	1.132074971
0.872963587	1.135662771
0.87188367	1.136895221
0.870527977	1.138444426
0.87000112	1.139047097
0.869624877	1.13947769
0.868580903	1.140673387
0.868544714	1.14071486
0.865833923	1.143826028
0.865650748	1.144036586
0.865321435	1.144415234
0.863174683	1.146886895
0.862966479	1.147126915
0.862817058	1.147299204
0.86241408	1.147763991
0.861667294	1.148625858
0.859668214	1.150936433
0.857424541	1.153535686
0.856491931	1.154617961
0.855408136	1.155877061
0.854269877	1.157201034
0.853831279	1.157711629
0.853156216	1.158497983
0.853008969	1.158669583
0.85294256	1.158746983
0.851576287	1.160340641
0.849313106	1.162985706
0.848672738	1.163735315
0.848509393	1.16392661
0.848250285	1.164230122
0.846654381	1.166101421
0.846636102	1.166122873
0.84537244	1.167606945
0.84438692	1.168765786
0.844295946	1.168872822
0.842221555	1.17131637
0.840419731	1.173443361
0.839713842	1.174277787
0.838042423	1.176256142
0.837003253	1.177487978
0.836762582	1.177773472
0.83604955	1.178619742
0.832336255	1.183037682
0.832206399	1.183192507
0.832083951	1.18333852
0.832006314	1.183431109
0.83179252	1.183686118
0.829055619	1.186955963
0.828743625	1.187329339
0.827526006	1.18878775
0.82690059	1.189537611
0.825130302	1.191662973
0.823717741	1.193361855
0.823330437	1.19382813
0.821080847	1.196540386
0.81951394	1.198433571
0.819327159	1.198659466
0.818666235	1.199459173
0.818507996	1.199650727
0.817469054	1.200909244
0.817373763	1.201024746
0.814287676	1.204772082
0.810121632	1.209851348
0.810116424	1.209857714
0.809237242	1.210932659
0.808877454	1.211372865
0.807847214	1.212634366
0.807185743	1.213445089
0.805840548	1.215095672
0.805594429	1.215397935
0.804487847	1.216757986
0.802934205	1.218670364
0.802176293	1.219604495
0.801634472	1.220272783
0.800373296	1.221829914
0.799404296	1.223027814
0.797415354	1.225490709
0.795507994	1.2278578
0.795469777	1.227905281
0.794536756	1.229065105
0.793697259	1.23010972
0.793045297	1.230921668
0.792108985	1.232088794
0.791046137	1.233415156
0.788873531	1.236131421
0.788560118	1.236523817
0.787664022	1.237646507
0.786663338	1.238901591
0.785857945	1.23991278
0.779906505	1.24741389
0.779806894	1.247539873
0.779573957	1.24783454
0.779363589	1.248100724
0.778796558	1.248818523
0.778457362	1.249248131
0.773389925	1.255686299
0.772614157	1.256675234
0.77144292	1.258169984
0.770724601	1.259087716
0.770559051	1.259299331
0.76753924	1.263166565
0.766660588	1.264294329
0.762983318	1.269026666
0.761025346	1.271554679
0.760857036	1.27177226
0.760370491	1.272401475
0.760266689	1.272535762
0.760250844	1.272556261
0.760145889	1.272692058
0.75955223	1.273460482
0.759321019	1.273759901
0.758675815	1.274595874
0.758196034	1.27521792
0.758141289	1.27528892
0.754598504	1.279893328
0.749790326	1.286172966
0.749742524	1.286235576
0.74945088	1.286617635
0.749093509	1.287085978
0.748581056	1.287757904
0.748407879	1.287985063
0.748320339	1.288099909
0.747245988	1.28951034
0.746009904	1.29113531
0.745284527	1.292090001
0.743882667	1.293937352
0.743609865	1.294297203
0.742254176	1.296087202
0.74144257	1.297160189
0.740314552	1.298653204
0.73942001	1.299838616
0.739205448	1.300123133
0.736990433	1.303064556
0.735918247	1.304491145
0.733990917	1.307060122
0.733125336	1.308215794
0.730547658	1.31166443
0.729589445	1.312949118
0.72922977	1.313431719
0.729037668	1.313689562
0.727292505	1.316034661
0.72697084	1.316467441
0.726751332	1.31676287
0.726697378	1.316835497
0.726016877	1.317751918
0.725707401	1.318168932
0.725696274	1.318183929
0.723561857	1.321064287
0.723246701	1.321490211
0.72110901	1.324383505
0.720686909	1.324955685
0.719463059	1.326616328
0.7192005	1.326972913
0.718047629	1.328539986
0.717737735	1.32896159
0.716993789	1.329974358
0.716090301	1.331205545
0.715950914	1.331395608
0.714786408	1.33298474
0.714194929	1.333792755
0.710329456	1.339087653
0.709963457	1.339590286
0.709223106	1.340607709
0.707347683	1.343189107
0.706761145	1.343997651
0.704586565	1.347000373
0.704202778	1.347531145
0.703233643	1.348872558
0.703209317	1.348906248
0.703194343	1.348926988
0.703179111	1.348948085
0.702105736	1.350435738
0.70175721	1.350919202
0.697314806	1.357099709
0.697002716	1.357535175
0.693746721	1.362088345
0.6926341	1.363648428
0.692572783	1.363734469
0.689787703	1.367649348
0.689481245	1.36808095
0.686182375	1.37273734
0.684172424	1.375583784
0.681996498	1.378673327
0.680241416	1.381171448
0.680211664	1.381213842
0.679405074	1.382363797
0.678591563	1.383524795
0.678005548	1.384361857
0.677503141	1.385079982
0.677219605	1.38548546
0.675051559	1.388590706
0.674751621	1.389020967
0.674192599	1.389823316
0.673853696	1.39031001
0.673723126	1.390497576
0.672589572	1.392127234
0.671697665	1.393411125
0.671465267	1.393745897
0.670732391	1.394802255
0.668917167	1.39742291
0.668576842	1.39791491
0.667564234	1.399380068
0.667514226	1.399452474
0.667328288	1.399721731
0.665704377	1.402076024
0.6629303	1.406109028
0.660981216	1.408951164
0.660816939	1.409191035
0.658030824	1.41326686
0.656727819	1.415178019
0.654967336	1.417765245
0.654867707	1.417911836
0.653929525	1.419293162
0.651485968	1.42289874
0.650795147	1.423920133
0.650124345	1.424912799
0.648531155	1.427273872
0.647825631	1.428320996
0.64314722	1.435288818
0.642305025	1.436547642
0.642230038	1.436659791
0.640683753	1.438974827
0.639030425	1.441455281
0.637537385	1.443699856
0.637299997	1.444057138
0.636795782	1.444816379
0.635476886	1.446804721
0.634997076	1.447528924
0.63435413	1.448500072
0.633858021	1.449249986
0.632790639	1.450865087
0.631862777	1.452270911
0.631449982	1.452896897
0.629583948	1.4557309
0.628918163	1.456743733
0.628881968	1.456798822
0.628740669	1.457013898
0.628708597	1.457062722
0.628557601	1.457292614
0.62842176	1.457499471
0.6269511	1.45974135
0.626912705	1.459799939
0.626748347	1.460050768
0.625745924	1.461581771
0.625724519	1.461614485
0.625512307	1.461938867
0.623580562	1.464895869
0.62344827	1.465098651
0.622412858	1.466686994
0.620095793	1.470249339
0.618693004	1.472411378
0.617980888	1.47351047
0.617840662	1.47372702
0.617767908	1.473839389
0.616852093	1.47525481
0.616465702	1.475852508
0.616250428	1.476185644
0.615349665	1.477580611
0.614508199	1.478885265
0.613243066	1.480849564
0.613141246	1.481007798
0.612657192	1.481760345
0.612162887	1.482529331
0.609430207	1.486789768
0.609423348	1.486800482
0.609136643	1.487248386
0.609044623	1.487392181
0.608957209	1.487528795
0.608646271	1.488014871
0.608334724	1.488502103
0.608188495	1.488730863
0.608086756	1.488890049
0.605700874	1.492629403
0.603064274	1.496775751
0.602156002	1.498207544
0.60062023	1.500632539
0.600379443	1.501013204
0.599998285	1.501616036
0.599873525	1.501813423
0.599103518	1.503032412
0.59870881	1.503657767
0.598388959	1.504164768
0.597152133	1.506127364
0.59709592	1.506216641
0.595496699	1.508759394
0.595227867	1.509187383
0.595125079	1.509351066
0.595066525	1.509444319
0.593742764	1.511554544
0.592341814	1.513791989
0.591468432	1.515189037
0.591074276	1.515820073
0.590518391	1.516710614
0.588423997	1.520072005
0.587787122	1.521096079
0.584628381	1.526188567
0.584263652	1.526778013
0.583883993	1.527391905
0.583537743	1.527952057
0.582750982	1.529225853
0.582006844	1.530431922
0.581422766	1.531379446
0.58100716	1.532054133
0.580286794	1.533224488
0.579911011	1.533835474
0.579841015	1.533949317
0.579411013	1.534648919
0.578610249	1.53595286
0.578541614	1.536064692
0.576998889	1.538581173
0.574519019	1.542637704
0.573473832	1.544351631
0.573450275	1.544390289
0.572535216	1.545892942
0.572472373	1.545996209
0.570385218	1.549431148
0.569109326	1.551535928
0.568199034	1.55303991
0.567844932	1.553625479
0.567559679	1.554097406
0.566713079	1.55549916
0.565890662	1.556862481
0.565680261	1.557211518
0.56528916	1.557860597
0.565271703	1.557889578
0.565037553	1.55827836
0.561250093	1.564585032
0.560859866	1.56523675
0.559782428	1.56703806
0.559637168	1.567281125
0.558925905	1.568472014
0.55851911	1.569153666
0.557678436	1.570563611
0.556021376	1.57334774
0.555897789	1.573555652
0.553826526	1.577045645
0.553106366	1.578261521
0.55284654	1.578700504
0.552083892	1.579989972
0.551866073	1.580358514
0.551673619	1.580684237
0.55144238	1.581075723
0.551399883	1.581147684
0.551384962	1.58117295
0.550493885	1.58268288
0.550150675	1.583264968
0.550111767	1.583330974
0.54643434	1.589586451
0.544959162	1.592105188
0.544891379	1.592221051
0.544696115	1.592554885
0.543401461	1.594770698
0.543363627	1.594835514
0.541368758	1.598258136
0.541224889	1.59850536
0.54106897	1.598773349
0.539327568	1.601770575
0.53897	1.602386952
0.537037913	1.605723086
0.535540467	1.608315249
0.534552565	1.610028494
0.534346796	1.610385658
0.531681819	1.615021211
0.53027724	1.617471747
0.527275883	1.622725293
0.525961285	1.62503375
0.525934809	1.625080289
0.525101466	1.626546058
0.52450494	1.627596409
0.524234613	1.628072702
0.523383374	1.629573777
0.522108351	1.631825732
0.522053617	1.6319225
0.520823709	1.634099035
0.519999116	1.635560547
0.519687551	1.636113239
0.518806339	1.63767784
0.518608803	1.638028854
0.518082953	1.638963773
0.517989173	1.639130584
0.517038878	1.640822257
0.516709674	1.641408858
0.516644878	1.64152435
0.515988603	1.642694735
0.515364	1.643809717
0.514446278	1.64544986
0.51410742	1.64605604
0.513808909	1.646590302
0.512896466	1.648224853
0.511894695	1.650022036
0.511876654	1.650054426
0.511283981	1.651119004
0.510831255	1.651932852
0.510292336	1.652902378
0.510197195	1.653073621
0.509725628	1.653922755
0.508754393	1.655673552
0.508460915	1.656203101
0.50813274	1.656795538
0.507924441	1.657171723
0.507260526	1.658371548
0.507220589	1.658443759
0.506640596	1.659492983
0.506564003	1.65963161
0.50541103	1.661720386
0.503971087	1.664334245
0.503858312	1.664539204
0.501880403	1.668139686
0.501806822	1.668273842
0.501770557	1.668339966
0.500259158	1.671099118
0.498314497	1.67465872
0.49810281	1.675046849
0.498042949	1.675156627
0.496771958	1.677489899
0.496295093	1.678366512
0.496179844	1.67857847
0.495219141	1.680346806
0.494869785	1.680990512
0.494782231	1.68115189
0.494568011	1.681546827
0.490663249	1.688768892
0.490212492	1.689605439
0.488944875	1.691961143
0.48804936	1.693628175
0.487989435	1.693739811
0.487953809	1.693806185
0.48767193	1.694331478
0.486217004	1.697046506
0.484372913	1.700496728
0.483096809	1.702890172
0.4829451	1.703175038
0.482659295	1.703711883
0.482636814	1.70375412
0.482164731	1.704641428
0.481958303	1.705029631
0.481418132	1.706046065
0.481403249	1.706074081
0.480104943	1.708520723
0.478421589	1.711700528
0.477550165	1.713349984
0.477548135	1.713353829
0.476935495	1.714514833
0.476535356	1.715273742
0.476347918	1.715629408
0.476138865	1.716026216
0.476130528	1.716042042
0.475210478	1.717790007
0.474942082	1.71830041
0.474314202	1.719495291
0.473263393	1.721497726
0.473133499	1.721745489
0.469859815	1.728006967
0.46956563	1.72857127
0.469554922	1.728591816
0.46947805	1.728739317
0.468994491	1.729667592
0.468002368	1.731574424
0.467320944	1.732885882
0.466798801	1.733891774
0.466577624	1.734318123
0.465374308	1.736640366
0.464553314	1.738227395
0.464092649	1.739118818
0.463124989	1.740993504
0.462436812	1.742328544
0.461936371	1.743300329
0.460956236	1.74520592
0.46044055	1.746209757
0.459883676	1.747294724
0.458720785	1.749563616
0.458354143	1.750279866
0.457880194	1.751206386
0.457195204	1.752546748
0.456375473	1.754152765
0.45608462	1.754723127
0.455586999	1.755699596
0.455047498	1.756759158
0.454270774	1.758286281
0.454236289	1.758354129
0.453938541	1.758940088
0.451522466	1.763705609
0.450403875	1.765918448
0.449977975	1.766762068
0.448032749	1.770622809
0.443378442	1.779911702
0.442670243	1.781331504
0.442597767	1.7814769
0.442045669	1.782585065
0.440368486	1.78595786
0.439390045	1.787929935
0.438484585	1.789757841
0.437470849	1.791807684
0.437421119	1.791908333
0.437246943	1.792260915
0.436173094	1.794437015
0.435380742	1.796045243
0.43528606	1.796237565
0.434448645	1.797939908
0.433009506	1.800871194
0.431147522	1.804674536
0.430830483	1.805323347
0.43073669	1.805515359
0.430619795	1.805754708
0.429370502	1.808315746
0.429056733	1.80895984
0.429033195	1.809008173
0.427839243	1.81146238
0.427448258	1.812267168
0.426862223	1.813474466
0.42683034	1.813540184
0.426359642	1.81451082
0.425745368	1.815778723
0.42229691	1.822921877
0.420048455	1.827602645
0.418898655	1.83000343
0.416181431	1.835696418
0.415739333	1.836625274
0.415720663	1.836664516
0.414553655	1.839120007
0.41451921	1.839192558
0.414212351	1.839839104
0.414081252	1.840115434
0.41399089	1.840305936
0.412044353	1.844417113
0.411261138	1.846075335
0.410965331	1.846702222
0.409245139	1.85035432
0.408588947	1.851750441
0.408013582	1.852975948
0.407581037	1.853898091
0.407372524	1.854342875
0.406949032	1.855246756
0.40635855	1.856508202
0.405904525	1.85747905
0.405186248	1.859016582
0.405140081	1.859115475
0.40401631	1.861525218
0.403882572	1.861812323
0.402967389	1.863778892
0.402930409	1.863858425
0.402806479	1.864124998
0.40275688	1.864231703
0.402581962	1.864608087
0.402402019	1.86499541
0.402148425	1.865541479
0.402027619	1.865801702
0.400446106	1.86921366
0.400151515	1.869850299
0.399333968	1.871618896
0.398961627	1.872425257
0.397697975	1.875165993
0.397526585	1.87553821
0.397483277	1.875632284
0.396672082	1.877395735
0.396006441	1.878844734
0.395107129	1.880805224
0.393134873	1.885116139
0.393045667	1.885311495
0.392776398	1.885901379
0.392647694	1.88618343
0.392330144	1.886879625
0.391996787	1.887610916
0.391601189	1.888479334
0.390896816	1.890027156
0.390870449	1.890085135
0.390715919	1.890424996
0.390603288	1.890672768
0.390490451	1.890921045
0.389730373	1.892594821
0.389586728	1.89291141
0.388753046	1.894750492
0.387089567	1.898428669
0.386906483	1.898834192
0.386852045	1.898954795
0.384394576	1.904412073
0.384186877	1.904874466
0.383747183	1.905853939
0.381945854	1.90987513
0.381877816	1.910027283
0.381545117	1.910771581
0.378660068	1.917245619
0.377329266	1.920243949
0.376311511	1.92254213
0.375529725	1.924310518
0.374641908	1.926321968
0.37402366	1.927724709
0.371806577	1.93276881
0.37083717	1.934981115
0.36991658	1.937085868
0.368481997	1.940373277
0.368079644	1.941296937
0.366024306	1.946026601
0.365856687	1.946413158
0.365761606	1.946632487
0.365693143	1.946790441
0.365368264	1.947540266
0.364499836	1.949546963
0.363910161	1.950911493
0.363620554	1.951582232
0.363154599	1.952662206
0.362201247	1.954874939
0.362185154	1.954912327
0.361796791	1.955814943
0.361224042	1.957147365
0.359141514	1.962004843
0.358282597	1.964014118
0.357813983	1.965111802
0.357743328	1.965277394
0.357061248	1.966877162
0.353634653	1.974947105
0.353437379	1.975413395
0.353096415	1.976219759
0.35185516	1.97915995
0.351152395	1.980827876
0.351129294	1.980882745
0.35103472	1.981107397
0.35035551	1.982722059
0.350211459	1.983064791
0.349988043	1.983596553
0.349848135	1.983929676
0.349802071	1.984039375
0.349779603	1.984092885
0.349420695	1.984948001
0.349030941	1.985877316
0.347641153	1.98919708
0.347432947	1.989695228
0.346858455	1.991070841
0.346647299	1.991576857
0.346448036	1.992054573
0.345620625	1.994040306
0.345286198	1.994843865
0.345184136	1.995089207
0.344181575	1.997501963
0.343798019	1.998426343
0.343427103	1.999320951
0.342962295	2.000442984
0.342562986	2.001407764
0.342535037	2.001475321
0.341391253	2.004243407
0.33915254	2.00968036
0.338788832	2.010566052
0.33868318	2.010823459
0.33836869	2.011590006
0.338221299	2.011949435
0.337615283	2.013428429
0.337522599	2.013654791
0.335868858	2.017701106
0.335556601	2.018466698
0.335389069	2.01887766
0.334874506	2.020140808
0.334680254	2.02061801
0.334668225	2.020647569
0.334295468	2.02156386
0.333984577	2.022328627
0.333899948	2.022536893
0.3338736	2.022601743
0.333746117	2.022915558
0.332691177	2.025515667
0.332533386	2.025905072
0.332449576	2.026111957
0.332143129	2.026868727
0.331430475	2.028630527
0.331209308	2.029177829
0.32860798	2.035634434
0.328411192	2.036124328
0.327933441	2.037314518
0.32747464	2.038458643
0.326524431	2.04083178
0.32643699	2.041050406
0.324588862	2.045680836
0.323745364	2.047800325
0.323730834	2.047836868
0.322080747	2.051994416
0.321844833	2.052590038
0.319759028	2.057869453
0.319220294	2.059236951
0.318937148	2.059956323
0.316895254	2.065157244
0.315745207	2.068096811
0.314040965	2.072466643
0.313749237	2.073216312
0.312227083	2.077135737
0.311572118	2.0788263
0.311252186	2.079652989
0.311193815	2.07980388
0.310285691	2.082153949
0.309651116	2.083798951
0.30958247	2.083977043
0.309244179	2.08485508
0.308559499	2.08663421
0.307690612	2.088895941
0.30707612	2.090498144
0.307069427	2.090515609
0.306805972	2.09120322
0.306672502	2.091551731
0.305246241	2.095282472
0.304001616	2.098547955
0.302762323	2.101808628
0.302072945	2.103626421
0.301506938	2.105121042
0.301490664	2.105164044
0.299931516	2.109291368
0.299826763	2.109569196
0.298056945	2.114273274
0.297753579	2.115081532
0.297096567	2.116833952
0.296751934	2.117754243
0.296527309	2.118354463
0.295812141	2.120267553
0.295751195	2.120430731
0.295515612	2.121061704
0.295085998	2.122213254
0.294458771	2.123896553
0.29432367	2.12425945
0.294209367	2.124566568
0.293855545	2.125517768
0.293762206	2.125768825
0.293612903	2.126170528
0.292958114	2.127933905
0.291669481	2.13141216
0.291191669	2.132704536
0.289737471	2.136646777
0.289656981	2.136865377
0.289379822	2.137618415
0.289113295	2.138343033
0.288962893	2.138752139
0.288572278	2.139815324
0.286931189	2.144292856
0.286822653	2.144589602
0.286753376	2.144779049
0.286730814	2.144840756
0.286521107	2.14541445
0.286166829	2.146384301
0.285657927	2.147778878
0.283933124	2.152518105
0.283200223	2.154537834
0.282452749	2.156601393
0.282346721	2.156894408
0.281427903	2.159436751
0.281008244	2.160599815
0.280983555	2.160668276
0.280157006	2.162962613
0.279111994	2.165869959
0.278985967	2.166221079
0.278748757	2.166882258
0.278479821	2.16763233
0.277278527	2.170988797
0.277251837	2.17106348
0.27716232	2.171314005
0.27715941	2.171322152
0.276388334	2.173482405
0.276237254	2.173906153
0.276189622	2.174039781
0.275176974	2.176884435
0.274807572	2.177923895
0.274715999	2.17818172
0.274540831	2.178675067
0.274539856	2.178677816
0.274281661	2.179405393
0.273815948	2.180718921
0.273468771	2.181699104
0.273107577	2.182719758
0.272882041	2.183357535
0.272728795	2.183791092
0.272489843	2.184467456
0.272034869	2.185756387
0.271114377	2.188368586
0.271023859	2.188625785
0.2707107	2.189516044
0.270600397	2.189829782
0.270178263	2.191031272
0.269996703	2.191548425
0.267708272	2.198086965
0.267110465	2.199801238
0.267032245	2.200025732
0.265209155	2.205270689
0.265100799	2.20558319
0.264675989	2.206809176
0.264656204	2.206866305
0.264113597	2.208434257
0.263099887	2.211369353
0.262804033	2.2122274
0.262198734	2.213984942
0.261596071	2.215737538
0.26115888	2.217010626
0.261083472	2.217230358
0.260754946	2.218188146
0.259917835	2.220632331
0.25962293	2.22149465
0.258902195	2.223604889
0.25820442	2.22565166
0.257881513	2.226600093
0.257742181	2.22700958
0.257456565	2.227849451
0.257368762	2.228107766
0.257330557	2.228220181
0.256251345	2.231400359
0.256152628	2.231691701
0.256007164	2.232121145
0.255115505	2.234757102
0.254656654	2.236115976
0.253091152	2.24076453
0.252436702	2.242713529
0.251499954	2.245509112
0.25101443	2.246960818
0.25097082	2.247091303
0.246985023	2.259081513
0.246661812	2.260059439
0.246029611	2.26197473
0.245170995	2.264581205
0.244425102	2.266850419
0.241895635	2.274580163
0.241807299	2.274851076
0.241504527	2.275780123
0.241412157	2.276063711
0.241354171	2.276241772
0.240202666	2.279783665
0.240061094	2.2802199
0.23997264	2.280492544
0.239077342	2.283255911
0.23746066	2.288263246
0.237313183	2.288721144
0.236670105	2.290720033
0.236357225	2.29169386
0.236033021	2.292703832
0.236030727	2.292710983
0.235344189	2.29485275
0.234869458	2.296336166
0.234481123	2.297551086
0.234317589	2.298063106
0.233068486	2.301981803
0.232965089	2.3023068
0.232649914	2.303298048
0.232106117	2.305010408
0.231559275	2.306735022
0.23067523	2.309528779
0.230346616	2.310569063
0.230092555	2.311374003
0.229744729	2.312476968
0.229650378	2.312776348
0.229485083	2.31330103
0.227969139	2.318124585
0.227785286	2.318711014
0.227219757	2.320516816
0.227058364	2.321032701
0.22656632	2.322606992
0.226232941	2.323674912
0.226199893	2.323780829
0.224009231	2.330824692
0.222340981	2.336219114
0.220564307	2.34199333
0.220559473	2.342009081
0.219740699	2.344680383
0.219360975	2.345921465
0.219320594	2.346053527
0.219186161	2.346493292
0.219126399	2.346688847
0.218986979	2.347145194
0.218594119	2.34843212
0.218183862	2.349777644
0.217041516	2.353532929
0.21696435	2.353787064
0.216797653	2.354336257
0.216322634	2.35590275
0.216007493	2.356943242
0.215808719	2.357600037
0.214100979	2.363259098
0.214084804	2.36331284
0.213613384	2.364880267
0.213194075	2.366276319
0.212502031	2.368584328
0.212107191	2.369903333
0.211655766	2.371413321
0.211241806	2.37279983
0.210174489	2.376382838
0.209784909	2.377693607
0.208972331	2.380432667
0.208106401	2.383359183
0.207968527	2.383825871
0.207720072	2.384667371
0.207472623	2.38550611
0.207391001	2.385782917
0.20701728	2.387051214
0.205693714	2.391554959
0.205640976	2.391734801
0.205451153	2.392382359
0.204608727	2.39526088
0.204561623	2.395422058
0.204318643	2.396253851
0.203796204	2.398044487
0.203694789	2.398392424
0.202684208	2.401865692
0.202643106	2.40200719
0.202374745	2.40293152
0.201185251	2.407038097
0.201067974	2.407443827
0.200562344	2.409194847
0.200078783	2.410872106
0.19999713	2.411155583
0.198972146	2.414720387
0.198759035	2.415463054
0.198657408	2.415817391
0.197319442	2.42049332
0.197191452	2.420941687
0.19588426	2.425531709
0.195876671	2.425558414
0.195198259	2.427948378
0.194151463	2.431646596
0.193861574	2.432673004
0.193323903	2.434579337
0.193307816	2.434636427
0.192359366	2.438007673
0.192306285	2.438196664
0.192207941	2.438546896
0.19187861	2.439720581
0.191668294	2.440470788
0.191118662	2.442433844
0.190809138	2.443540926
0.189199929	2.4493152
0.188273111	2.452655131
0.188010018	2.453605137
0.187627729	2.454987068
0.186863023	2.457756791
0.186004172	2.460876132
0.186000964	2.4608878
0.185897369	2.461264682
0.185765769	2.461743638
0.185526576	2.462614732
0.184056187	2.467985387
0.184025722	2.468096951
0.183679384	2.46936607
0.183198613	2.47113033
0.183127523	2.471391454
0.182355285	2.474232174
0.181455278	2.477552567
0.180010245	2.482905676
0.179856095	2.483478329
0.179825837	2.483590773
0.179696211	2.484072616
0.179622031	2.484348454
0.178879833	2.487112318
0.178871501	2.487143387
0.178523204	2.48844295
0.17825063	2.4894611
0.177539852	2.492120727
0.177163376	2.493532178
0.176886861	2.494570074
0.176021919	2.497823271
0.173785193	2.506283142
0.173748356	2.506423044
0.173659933	2.506758939
0.172930496	2.509533989
0.172223305	2.512231474
0.172155912	2.512488899
0.171730603	2.514114953
0.171473654	2.515098555
0.171267866	2.515886987
0.170098356	2.520379077
0.170011778	2.520712396
0.168910187	2.524962807
0.168852298	2.525186648
0.16862036	2.526083978
0.168391622	2.526969691
0.167532931	2.530301457
0.167309183	2.531171374
0.166566145	2.534065511
0.1664659	2.534456586
0.166064174	2.536025283
0.16600271	2.536265503
0.165894921	2.53668691
0.164486889	2.54220756
0.164306416	2.542917302
0.164217071	2.543268851
0.163540331	2.545935531
0.163331171	2.546761119
0.163208818	2.547244372
0.163063169	2.547819935
0.162998856	2.548074186
0.162690552	2.549293876
0.16233979	2.550683301
0.162218457	2.551164358
0.16190412	2.55241168
0.161847535	2.552636376
0.161657127	2.553392834
0.161244967	2.555032195
0.16087735	2.556496597
0.160872063	2.556517673
0.160573242	2.557709596
0.159786296	2.560855175
0.159485298	2.562060882
0.159171665	2.563318716
0.158241876	2.567056777
0.157522144	2.569959765
0.156047925	2.575931853
0.155238027	2.579227738
0.154986486	2.580253563
0.154813445	2.580959855
0.153728062	2.585401251
0.153726858	2.585406185
0.151648011	2.593967627
0.151485366	2.594640526
0.15139412	2.595018226
0.151059828	2.596403194
0.14969829	2.602063761
0.149313228	2.603670432
0.148240299	2.608160824
0.147792594	2.610040498
0.147497877	2.611279785
0.147478332	2.611362024
0.147365477	2.611837023
0.146758951	2.614393715
0.146207511	2.61672388
0.145522663	2.619625353
0.145134644	2.621273003
0.144492846	2.62400426
0.143875933	2.626636689
0.143480962	2.628325724
0.143019806	2.630301426
0.142950718	2.630597754
0.14251809	2.632455364
0.141992447	2.634717041
0.141039138	2.638832028
0.140285554	2.642097025
0.140160216	2.642641116
0.140089622	2.642947692
0.139059038	2.647434218
0.138890913	2.648168064
0.138874918	2.648237912
0.137961958	2.652232736
0.137296742	2.655153742
0.136017369	2.660796062
0.135655154	2.662399418
0.134779184	2.6662878
0.13405772	2.66950198
0.133548225	2.671778201
0.132987266	2.674290499
0.132868517	2.674823155
0.13286057	2.674858814
0.132768937	2.675270054
0.132431993	2.676783723
0.132051836	2.678494345
0.131952793	2.678940513
0.131685355	2.68014628
0.131542163	2.680792491
0.131498781	2.680988354
0.131127989	2.682664034
0.131027866	2.683117006
0.13078026	2.684238119
0.130648144	2.684836848
0.130033521	2.687627083
0.129730841	2.689004131
0.129079617	2.691973541
0.128994476	2.692362438
0.128416992	2.695004327
0.127160225	2.700778928
0.126132276	2.705528033
0.125464983	2.70862352
0.125304074	2.709371454
0.124734343	2.712024361
0.124587945	2.712707241
0.124441565	2.713390523
0.124031348	2.715307967
0.123979325	2.715551406
0.123478144	2.717899865
0.122704862	2.721534711
0.122242521	2.723714605
0.120861372	2.730256483
0.119789553	2.735364457
0.118592273	2.741103118
0.117697055	2.745416882
0.117266993	2.74749625
0.117110991	2.748251664
0.116004076	2.753629232
0.115226452	2.757425571
0.115097795	2.758055158
0.115075744	2.758163109
0.115029212	2.758390943
0.114485569	2.761056924
0.114419354	2.761382156
0.113210232	2.767341106
0.112857473	2.769086821
0.112511386	2.770802709
0.112493622	2.770890866
0.111970659	2.773489972
0.110803279	2.779318217
0.109787802	2.784418104
0.109771461	2.784500401
0.109594132	2.785393954
0.109550095	2.785615988
0.109069222	2.788044034
0.108554772	2.790648724
0.108313053	2.791875115
0.107755182	2.794711804
0.107174222	2.797675252
0.10701097	2.79850972
0.106161198	2.802865697
0.105990976	2.803740766
0.105830973	2.804564066
0.105821318	2.804613767
0.105007998	2.808810493
0.104435676	2.81177531
0.104340238	2.812270656
0.104066326	2.813693817
0.103800037	2.815079512
0.103652139	2.815850048
0.103008865	2.8192091
0.102793874	2.820334525
0.102430593	2.822239403
0.102387636	2.822464913
0.102251506	2.823179929
0.102243513	2.823221929
0.101934236	2.824848579
0.1014068	2.827629426
0.10111299	2.829182238
0.099951408	2.835347704
0.099210898	2.839300436
0.099136361	2.839699276
0.098704431	2.842013978
0.098131126	2.845095608
0.097669333	2.847585607
0.097139828	2.850449312
0.097017782	2.851110677
0.096426427	2.854322229
0.095897658	2.857203778
0.095806449	2.857701776
0.095592707	2.858869893
0.095496609	2.859395582
0.094891406	2.862713457
0.094513873	2.864789529
0.093763326	2.868931411
0.093146622	2.872349358
0.093008538	2.873116488
0.092559172	2.875617616
0.092554804	2.875641963
0.092541	2.875718909
0.092212788	2.877550443
0.091686211	2.880496973
0.091404857	2.882075408
0.091324116	2.882528907
0.090941888	2.884678976
0.090858984	2.885146021
0.090104635	2.889407271
0.089784153	2.891223997
0.089745547	2.8914431
0.089518733	2.892731481
0.088880803	2.89636546
0.088531596	2.898361213
0.088506892	2.898502579
0.08814206	2.900592922
0.088096806	2.900852564
0.087716342	2.903038547
0.087426539	2.904707373
0.087426035	2.904710276
0.086872475	2.907906994
0.086665309	2.909106418
0.086019223	2.912857865
0.08596892	2.91315064
0.085577608	2.915431579
0.085006178	2.918773418
0.08491718	2.919295079
0.084899464	2.919398961
0.084838934	2.919753982
0.084613321	2.921078563
0.084538578	2.921517834
0.08411156	2.924031839
0.083831527	2.925684542
0.083804229	2.925845826
0.083619569	2.92693763
0.08298696	2.930688668
0.082319454	2.934664773
0.082198516	2.935387176
0.082180254	2.935496312
0.08189145	2.937224162
0.081244054	2.94111035
0.080517165	2.945495295
0.080240681	2.94716924
0.080214486	2.947328005
0.07971756	2.950345626
0.079324944	2.952737573
0.079310759	2.952824124
0.079268565	2.953081616
0.079120595	2.953985261
0.078131001	2.960054076
0.078093876	2.960282618
0.078012288	2.960785093
0.077274715	2.965341519
0.076847094	2.967994757
0.076697515	2.968924869
0.074712339	2.981370019
0.074616154	2.981977852
0.074507342	2.982666019
0.074503655	2.982689348
0.074219465	2.984489482
0.074081234	2.985366516
0.07404352	2.985605963
0.073724369	2.987635101
0.07369515	2.987821126
0.073245492	2.990689319
0.072900157	2.992898996
0.072458819	2.995731788
0.072360482	2.996364335
0.072075442	2.998200651
0.071996741	2.998708402
0.071785435	3.00007327
0.071512164	3.001841828
0.071223701	3.003712941
0.070768504	3.006674492
0.070309179	3.009674053
0.070258227	3.010007484
0.069126463	3.017449989
0.068759514	3.019878101
0.068540272	3.02133239
0.068427644	3.022080522
0.067573703	3.027776008
0.067481314	3.028394684
0.067362226	3.02919287
0.067329132	3.029414823
0.067089979	3.031020648
0.067042911	3.031337073
0.066529212	3.034798921
0.06622954	3.036825517
0.066080406	3.037836028
0.065458445	3.04206452
0.065438636	3.042199572
0.065315289	3.04304105
0.065173852	3.044007054
0.065149498	3.044173511
0.065047344	3.044872115
0.064886687	3.045972074
0.06437761	3.04946788
0.064007511	3.05201928
0.063826961	3.05326703
0.063653744	3.054465999
0.063149766	3.057965077
0.062717199	3.060981112
0.062631755	3.061578273
0.062437016	3.062941015
0.062289038	3.063978162
0.062166543	3.06483777
0.062071397	3.06550612
0.061878342	3.066864034
0.061813442	3.067321075
0.060914995	3.073676466
0.06049539	3.076662968
0.060403567	3.07731808
0.060317164	3.07793505
0.060035312	3.079951139
0.059580823	3.08321349
0.059512398	3.083705875
0.059282172	3.085364955
0.059137912	3.086406398
0.059105127	3.086643285
0.059037956	3.087128858
0.058933124	3.087887303
0.058613708	3.090202986
0.058589752	3.090376947
0.057856759	3.095719478
0.056763989	3.103756214
0.056712821	3.104134669
0.056347436	3.106842844
0.05609916	3.108688707
0.055705999	3.111621266
0.055643103	3.112091488
0.055599897	3.11241468
0.055301269	3.114652398
0.054893379	3.117719934
0.054698963	3.119186587
0.054531149	3.120454933
0.054286346	3.122309126
0.054267042	3.122455541
0.054001088	3.124475718
0.053590531	3.127605386
0.052782484	3.133804933
0.052762071	3.133962238
0.052389598	3.136838638
0.052268591	3.137775588
0.052028174	3.139640769
0.051988143	3.139951803
0.051484249	3.143878613
0.05136444	3.144815469
0.051250576	3.145706971
0.05123207	3.145851975
0.051135156	3.146611802
0.051015703	3.147549463
0.050598545	3.150833733
0.050363557	3.152690504
0.050253882	3.153558778
0.049687579	3.158059148
0.049680792	3.158113259
0.049625066	3.158557694
0.049240473	3.161632694
0.048942174	3.164027047
0.048909908	3.164286529
0.04884261	3.164828042
0.048306437	3.169157422
0.047881709	3.172606128
0.047573516	3.175119356
0.047327475	3.177132322
0.047076097	3.179195025
0.046631098	3.1828617
0.04656972	3.183368976
0.046474435	3.184157231
0.046344428	3.185234184
0.046145065	3.186888971
0.045915131	3.188802477
0.045824846	3.189555304
0.045531601	3.192006196
0.045505994	3.192220634
0.045486615	3.192382965
0.045173911	3.195007706
0.044962081	3.19679152
0.04488652	3.19742896
0.044723807	3.198803647
0.04411541	3.20396866
0.043333988	3.210661298
0.042999869	3.213543483
0.042830953	3.21500534
0.042656375	3.216519582
0.042414297	3.21862503
0.042377717	3.218943762
0.042358178	3.219114077
0.042238865	3.220155023
0.041990647	3.222325871
0.041733684	3.22458073
0.041496568	3.22666831
0.041316023	3.228262297
0.040835813	3.232520891
0.040673947	3.233962629
0.040613396	3.234502775
0.040590767	3.234704746
0.039737014	3.242371214
0.039725408	3.242476056
0.03945099	3.244960054
0.039400317	3.245419797
0.038773216	3.251136585
0.038571008	3.252990882
0.038283058	3.255640788
0.038165298	3.256727668
0.03779485	3.260158945
0.036781475	3.269641591
0.036277553	3.274410862
0.036260491	3.274572989
0.036084236	3.276250187
0.035616525	3.280722891
0.034977685	3.286884808
0.034929665	3.287350481
0.034696103	3.289620501
0.034644022	3.29012784
0.034290728	3.293580498
0.033965883	3.296772473
0.033820651	3.298204983
0.033803626	3.298373128
0.033748944	3.298913513
0.033727096	3.299129566
0.033168951	3.304675156
0.033082732	3.305536373
0.032934976	3.307015131
0.032714554	3.309227954
0.032473706	3.311655213
0.032110807	3.31533127
0.032070335	3.315742642
0.031836812	3.318121886
0.031807653	3.31841965
0.031790229	3.318597639
0.031114282	3.32554465
0.030957928	3.327163324
0.030546731	3.33144181
0.030505014	3.331877628
0.030489993	3.332034637
0.030407422	3.332898463
0.030387721	3.333104752
0.030307596	3.333944513
0.030170552	3.335383652
0.030105354	3.336069573
0.030043376	3.336722373
0.029451555	3.342993344
0.029038093	3.347415405
0.028721816	3.350821341
0.028451313	3.353750637
0.028440696	3.35386592
0.028331038	3.35505798
0.028299863	3.355397342
0.027929733	3.359442091
0.027716538	3.361785149
0.027512337	3.364038602
0.027452807	3.364697257
0.027432173	3.36492574
0.027404062	3.365237167
0.027395746	3.365329337
0.027368286	3.365633765
0.02732813	3.366079247
0.026856614	3.371337109
0.026721551	3.372852436
0.026616356	3.374035564
0.026297201	3.377640726
0.026242661	3.378259196
0.026188721	3.378871535
0.025166343	3.39061021
0.025025871	3.392243175
0.024998746	3.392559081
0.024942744	3.393211865
0.024835603	3.39446298
0.024429257	3.399234797
0.023987138	3.404475875
0.023933612	3.405113934
0.02390255	3.40548457
0.023707989	3.407812032
0.023461969	3.410769957
0.023339856	3.412244362
0.023270392	3.413084949
0.023100138	3.415150956
0.022912488	3.417437632
0.022574097	3.42158695
0.022423931	3.423439043
0.022167053	3.426622889
0.022009639	3.428583801
0.021796573	3.431250079
0.021289887	3.437647711
0.021213209	3.438623006
0.021179425	3.439053319
0.021150231	3.439425473
0.021122182	3.439783281
0.021026195	3.441009709
0.020764689	3.444366372
0.020633197	3.446062791
0.020271247	3.450762727
0.020227743	3.45133066
0.020169624	3.452090423
0.019855793	3.456213446
0.019788115	3.457107176
0.019447956	3.461624246
0.01940392	3.462212109
0.019393867	3.462346406
0.019326377	3.463249009
0.019073332	3.466648396
0.018921526	3.468699372
0.018355382	3.476427246
0.018127363	3.479575784
0.018016713	3.481111316
0.017992642	3.481446026
0.017867726	3.483186874
0.017756277	3.48474555
0.017549616	3.487649768
0.016978207	3.495776417
0.016938672	3.496344062
0.016845364	3.497686605
0.016682698	3.500036619
0.0164978	3.502722749
0.016374378	3.504524738
0.016197862	3.507114583
0.01580888	3.512875407
0.015782099	3.513274797
0.015683765	3.514744412
0.015623729	3.515644073
0.015387539	3.519201457
0.015329106	3.520086035
0.015316281	3.520280423
0.015299157	3.520540115
0.015239208	3.521450459
0.015193598	3.522144345
0.014818874	3.527887678
0.014527727	3.532403637
0.013778795	3.544246349
0.013281835	3.552294459
0.013213307	3.553416716
0.013212406	3.553431484
0.013145257	3.554534196
0.012979342	3.557271676
0.012943641	3.557863153
0.012725653	3.561493516
0.01259902	3.563617588
0.012586781	3.56382348
0.012532405	3.564739502
0.012475519	3.565700072
0.012405577	3.566884266
0.012347037	3.567878147
0.01228701	3.568899862
0.012101891	3.572067511
0.011977919	3.574203193
0.011614567	3.580530966
0.011190532	3.588049296
0.01116243	3.588552816
0.011132345	3.589092629
0.010623495	3.598342127
0.010531997	3.600029928
0.010430915	3.601903518
0.010283203	3.604658681
0.010036316	3.609310657
0.00999905	3.610018059
0.009988168	3.610224877
0.009967035	3.610626882
0.009751237	3.61475783
0.009715506	3.61544645
0.009657051	3.616575865
0.009552255	3.618609696
0.009373679	3.622102631
0.00920485	3.625437211
0.009054475	3.628434464
0.008962814	3.630274265
0.008877098	3.632003678
0.008851871	3.632514346
0.008837738	3.632800754
0.008789372	3.63378277
0.008554946	3.638583149
0.008455058	3.640649503
0.008389729	3.642007882
0.008374781	3.642319459
0.008364638	3.642531049
0.008263484	3.644648665
0.008168949	3.646639992
0.008168916	3.64664069
0.008107586	3.647939039
0.008105937	3.647974029
0.008091882	3.648272333
0.008080724	3.648509343
0.008059966	3.648950722
0.008010014	3.650015291
0.007730406	3.656039488
0.007537319	3.660266387
0.007482502	3.661476684
0.007261503	3.666403691
0.007018578	3.671910755
0.006910816	3.674385549
0.0067606	3.677869139
0.006717072	3.678886091
0.006661033	3.680200423
0.006658775	3.680253514
0.006621363	3.681134337
0.006578053	3.682157254
0.006538233	3.68310088
0.00639044	3.686629541
0.006199594	3.69124958
0.006102155	3.693636978
0.005920137	3.698150429
0.005842463	3.700098448
0.005647592	3.705045751
0.005233843	3.715852614
0.005208474	3.716529435
0.005056427	3.720622205
0.004936034	3.723908377
0.004816048	3.727225028
0.004789191	3.72797327
0.004772902	3.728428135
0.004715959	3.730024606
0.004660117	3.731599927
0.004315462	3.741546768
0.004315406	3.741548399
0.004305797	3.741831495
0.003960824	3.752220509
0.003806773	3.757010578
0.003805448	3.757052201
0.003747407	3.758883126
0.00373664	3.759224381
0.003715483	3.759896422
0.003656464	3.76178164
0.003618417	3.763005298
0.003580249	3.764239511
0.003569339	3.764593542
0.003557733	3.764970808
0.003498886	3.766893369
0.003325485	3.772657396
0.003201359	3.776879152
0.003156416	3.778428448
0.003047594	3.782227535
0.002980153	3.784617054
0.002755959	3.792767063
0.002650788	3.796707585
0.002420078	3.805642938
0.002385095	3.807035361
0.002354089	3.808278277
0.00232621	3.809402996
0.002320378	3.809639179
0.002240449	3.812906942
0.002092405	3.819121145
0.002035021	3.821590205
0.002003484	3.822962313
0.001940285	3.825745633
0.001937414	3.825873149
0.001865005	3.829122199
0.001822832	3.831044298
0.001820411	3.831155335
0.001808429	3.831705909
0.001781851	3.83293393
0.001730354	3.835340261
0.001592374	3.841974123
0.001591664	3.842009006
0.001582051	3.84248202
0.00156655	3.843247893
0.00152168	3.84548681
0.001432386	3.85004486
0.001406933	3.851370496
0.001362207	3.853729862
0.001335133	3.855177263
0.001326925	3.85561898
0.001313366	3.856351812
0.001247791	3.859951429
0.001244546	3.860132051
0.001188809	3.863272344
0.001161875	3.864816698
0.001084575	3.86935305
0.00106951	3.870256059
0.001054188	3.871181113
0.001033019	3.872470541
0.001029635	3.872677901
0.000948166	3.877778959
0.00090731	3.88042099
0.000890286	3.881539667
0.00088619	3.881810416
0.000827427	3.885767306
0.000770993	3.889703919
0.000755885	3.890782446
0.000755178	3.890833136
0.000728053	3.892798201
0.000714018	3.893829561
0.000677183	3.89658621
0.00063896	3.89952832
0.000546991	3.906995651
0.00052895	3.908533291
0.000521138	3.909207375
0.000458504	3.914807687
0.000396084	3.920788657
0.000371696	3.923254006
0.000369617	3.923467891
0.000365572	3.923885785
0.00034656	3.925882039
0.000341627	3.926408993
0.00027795	3.93359058
0.000254578	3.936432616
0.00023234	3.93926154
0.000213332	3.941789729
0.000188812	3.945225303
0.000178919	3.946674732
0.000159735	3.94960523
0.000143178	3.952280389
0.000114607	3.957292694
0.000111851	3.957808019
9.71519E-05	3.960670892
9.58955E-05	3.96092539
9.09255E-05	3.961948977
9.08333E-05	3.961968223
7.7372E-05	3.964892822
7.41561E-05	3.965628589
6.68051E-05	3.967373058
6.4174E-05	3.968020706
5.68015E-05	3.969910088
5.00017E-05	3.971765257
4.82833E-05	3.97225382
4.75684E-05	3.972459641
4.655E-05	3.972755535
3.90604E-05	3.975039739
2.75336E-05	3.979038527
2.15664E-05	3.981445722
1.94022E-05	3.982400214
1.15843E-05	3.986397324
4.53377E-06	3.991487473
1.27938E-06	3.995476896
5.05569E-07	3.99715637
